,iso_code,location,date,total_cases,new_cases,total_deaths,new_deaths,total_cases_per_million,new_cases_per_million,total_deaths_per_million,new_deaths_per_million,total_tests,new_tests,total_tests_per_thousand,new_tests_per_thousand,tests_units,population,population_density,median_age,aged_65_older,aged_70_older,gdp_per_capita,extreme_poverty,cvd_death_rate,diabetes_prevalence,female_smokers,male_smokers,handwashing_facilities,hospital_beds_per_100k,driving,transit,walking,days
57,DNK,Denmark,2020-03-10,113,75,0,0,19.509,12.948,0.0,0.0,,,,,,5792203,136.52,42.3,19.677,12.325,46682.515,0.2,114.76700000000001,6.41,19.3,18.8,,2.5,100.99,91.14,93.53,1
58,DNK,Denmark,2020-03-11,264,151,0,0,45.57899999999999,26.07,0.0,0.0,,,,,,5792203,136.52,42.3,19.677,12.325,46682.515,0.2,114.76700000000001,6.41,19.3,18.8,,2.5,90.37,77.56,91.86,2
59,DNK,Denmark,2020-03-12,516,252,0,0,89.085,43.507,0.0,0.0,,,,,,5792203,136.52,42.3,19.677,12.325,46682.515,0.2,114.76700000000001,6.41,19.3,18.8,,2.5,67.62,48.7,54.89,3
60,DNK,Denmark,2020-03-13,676,160,0,0,116.709,27.623,0.0,0.0,,,,,,5792203,136.52,42.3,19.677,12.325,46682.515,0.2,114.76700000000001,6.41,19.3,18.8,,2.5,66.97,45.07,62.04,4
61,DNK,Denmark,2020-03-14,804,128,0,0,138.80700000000002,22.099,0.0,0.0,,,,,,5792203,136.52,42.3,19.677,12.325,46682.515,0.2,114.76700000000001,6.41,19.3,18.8,,2.5,62.05,39.65,66.91,5
62,DNK,Denmark,2020-03-15,827,23,0,0,142.778,3.971,0.0,0.0,,,,,,5792203,136.52,42.3,19.677,12.325,46682.515,0.2,114.76700000000001,6.41,19.3,18.8,,2.5,56.49,33.91,46.67,6
63,DNK,Denmark,2020-03-16,875,48,1,1,151.065,8.287,0.17300000000000001,0.17300000000000001,,,,,,5792203,136.52,42.3,19.677,12.325,46682.515,0.2,114.76700000000001,6.41,19.3,18.8,,2.5,62.62,32.69,55.9,7
64,DNK,Denmark,2020-03-17,932,57,1,0,160.906,9.841000000000001,0.17300000000000001,0.0,7630.0,,1.317,,people tested,5792203,136.52,42.3,19.677,12.325,46682.515,0.2,114.76700000000001,6.41,19.3,18.8,,2.5,58.82,28.17,49.84,8
65,DNK,Denmark,2020-03-18,1024,92,4,3,176.78900000000002,15.883,0.691,0.518,,,,,,5792203,136.52,42.3,19.677,12.325,46682.515,0.2,114.76700000000001,6.41,19.3,18.8,,2.5,55.46,25.76,45.91,9
66,DNK,Denmark,2020-03-19,1115,91,4,0,192.5,15.710999999999999,0.691,0.0,8847.0,,1.527,,people tested,5792203,136.52,42.3,19.677,12.325,46682.515,0.2,114.76700000000001,6.41,19.3,18.8,,2.5,59.78,29.16,56.3,10
67,DNK,Denmark,2020-03-20,1151,36,6,2,198.715,6.215,1.036,0.345,11657.0,2810.0,2.013,0.485,people tested,5792203,136.52,42.3,19.677,12.325,46682.515,0.2,114.76700000000001,6.41,19.3,18.8,,2.5,60.23,27.97,54.85,11
68,DNK,Denmark,2020-03-21,1255,104,9,3,216.671,17.955,1.554,0.518,12351.0,694.0,2.1319999999999997,0.12,people tested,5792203,136.52,42.3,19.677,12.325,46682.515,0.2,114.76700000000001,6.41,19.3,18.8,,2.5,56.59,27.14,59.29,12
69,DNK,Denmark,2020-03-22,1326,71,13,4,228.928,12.258,2.244,0.691,12843.0,492.0,2.217,0.085,people tested,5792203,136.52,42.3,19.677,12.325,46682.515,0.2,114.76700000000001,6.41,19.3,18.8,,2.5,55.81,27.42,50.87,13
70,DNK,Denmark,2020-03-23,1395,69,13,0,240.84099999999998,11.913,2.244,0.0,13756.0,913.0,2.375,0.158,people tested,5792203,136.52,42.3,19.677,12.325,46682.515,0.2,114.76700000000001,6.41,19.3,18.8,,2.5,59.21,26.07,52.11,14
71,DNK,Denmark,2020-03-24,1460,65,24,11,252.063,11.222000000000001,4.144,1.899,,,,,,5792203,136.52,42.3,19.677,12.325,46682.515,0.2,114.76700000000001,6.41,19.3,18.8,,2.5,60.48,26.51,53.17,15
72,DNK,Denmark,2020-03-25,1591,131,32,8,274.68,22.616999999999997,5.525,1.381,14870.0,,2.5669999999999997,,people tested,5792203,136.52,42.3,19.677,12.325,46682.515,0.2,114.76700000000001,6.41,19.3,18.8,,2.5,62.93,26.33,56.91,16
73,DNK,Denmark,2020-03-26,1724,133,34,2,297.642,22.962,5.87,0.345,15981.0,1111.0,2.759,0.192,people tested,5792203,136.52,42.3,19.677,12.325,46682.515,0.2,114.76700000000001,6.41,19.3,18.8,,2.5,64.33,27.01,58.8,17
74,DNK,Denmark,2020-03-27,1877,153,41,7,324.056,26.415,7.077999999999999,1.209,17275.0,1294.0,2.9819999999999998,0.223,people tested,5792203,136.52,42.3,19.677,12.325,46682.515,0.2,114.76700000000001,6.41,19.3,18.8,,2.5,66.46,27.21,63.98,18
75,DNK,Denmark,2020-03-28,2046,169,52,11,353.233,29.177,8.978,1.899,18810.0,1535.0,3.247,0.265,people tested,5792203,136.52,42.3,19.677,12.325,46682.515,0.2,114.76700000000001,6.41,19.3,18.8,,2.5,62.57,28.69,64.24,19
76,DNK,Denmark,2020-03-29,2201,155,65,13,379.994,26.76,11.222000000000001,2.244,20198.0,1388.0,3.487,0.24,people tested,5792203,136.52,42.3,19.677,12.325,46682.515,0.2,114.76700000000001,6.41,19.3,18.8,,2.5,59.38,27.39,50.9,20
77,DNK,Denmark,2020-03-30,2395,194,72,7,413.48699999999997,33.493,12.431,1.209,21378.0,1180.0,3.6910000000000003,0.204,people tested,5792203,136.52,42.3,19.677,12.325,46682.515,0.2,114.76700000000001,6.41,19.3,18.8,,2.5,64.61,27.76,54.27,21
78,DNK,Denmark,2020-03-31,2577,182,77,5,444.908,31.421999999999997,13.294,0.863,23763.0,2385.0,4.103,0.41200000000000003,people tested,5792203,136.52,42.3,19.677,12.325,46682.515,0.2,114.76700000000001,6.41,19.3,18.8,,2.5,70.8,29.02,60.88,22
79,DNK,Denmark,2020-04-01,2860,283,90,13,493.767,48.858999999999995,15.538,2.244,26776.0,3013.0,4.623,0.52,people tested,5792203,136.52,42.3,19.677,12.325,46682.515,0.2,114.76700000000001,6.41,19.3,18.8,,2.5,69.53,28.55,54.62,23
80,DNK,Denmark,2020-04-02,3107,247,104,14,536.411,42.644,17.955,2.417,29921.0,3145.0,5.166,0.5429999999999999,people tested,5792203,136.52,42.3,19.677,12.325,46682.515,0.2,114.76700000000001,6.41,19.3,18.8,,2.5,69.08,29.55,53.2,24
81,DNK,Denmark,2020-04-03,3386,279,123,19,584.5790000000001,48.168,21.235,3.28,34388.0,4467.0,5.937,0.7709999999999999,people tested,5792203,136.52,42.3,19.677,12.325,46682.515,0.2,114.76700000000001,6.41,19.3,18.8,,2.5,72.34,28.34,58.8,25
82,DNK,Denmark,2020-04-04,3757,371,139,16,648.631,64.05199999999999,23.998,2.762,39928.0,5540.0,6.893,0.956,people tested,5792203,136.52,42.3,19.677,12.325,46682.515,0.2,114.76700000000001,6.41,19.3,18.8,,2.5,67.84,31.71,64.62,26
83,DNK,Denmark,2020-04-05,4077,320,161,22,703.877,55.247,27.796,3.798,43734.0,3806.0,7.55,0.657,people tested,5792203,136.52,42.3,19.677,12.325,46682.515,0.2,114.76700000000001,6.41,19.3,18.8,,2.5,75.49,33.54,72.24,27
84,DNK,Denmark,2020-04-06,4369,292,179,18,754.29,50.413000000000004,30.904,3.108,46916.0,3182.0,8.1,0.5489999999999999,people tested,5792203,136.52,42.3,19.677,12.325,46682.515,0.2,114.76700000000001,6.41,19.3,18.8,,2.5,84.67,34.78,80.21,28
85,DNK,Denmark,2020-04-07,4681,312,187,8,808.155,53.86600000000001,32.285,1.381,51544.0,4628.0,8.899,0.799,people tested,5792203,136.52,42.3,19.677,12.325,46682.515,0.2,114.76700000000001,6.41,19.3,18.8,,2.5,86.89,35.29,81.1,29
86,DNK,Denmark,2020-04-08,5071,390,203,16,875.487,67.332,35.047,2.762,57535.0,5991.0,9.933,1.034,people tested,5792203,136.52,42.3,19.677,12.325,46682.515,0.2,114.76700000000001,6.41,19.3,18.8,,2.5,89.81,35.24,80.84,30
87,DNK,Denmark,2020-04-09,5402,331,218,15,932.633,57.146,37.637,2.59,62210.0,4675.0,10.74,0.807,people tested,5792203,136.52,42.3,19.677,12.325,46682.515,0.2,114.76700000000001,6.41,19.3,18.8,,2.5,74.33,33.76,72.01,31
88,DNK,Denmark,2020-04-10,5635,233,237,19,972.86,40.226,40.917,3.28,64731.0,2521.0,11.175999999999998,0.435,people tested,5792203,136.52,42.3,19.677,12.325,46682.515,0.2,114.76700000000001,6.41,19.3,18.8,,2.5,74.66,34.54,73.72,32
89,DNK,Denmark,2020-04-11,5819,184,247,10,1004.6260000000001,31.767,42.644,1.726,67771.0,3040.0,11.7,0.525,people tested,5792203,136.52,42.3,19.677,12.325,46682.515,0.2,114.76700000000001,6.41,19.3,18.8,,2.5,71.32,32.59,65.98,33
90,DNK,Denmark,2020-04-12,5996,177,260,13,1035.185,30.558000000000003,44.888000000000005,2.244,70125.0,2354.0,12.107000000000001,0.406,people tested,5792203,136.52,42.3,19.677,12.325,46682.515,0.2,114.76700000000001,6.41,19.3,18.8,,2.5,71.54,34.4,69.45,34
91,DNK,Denmark,2020-04-13,6174,178,273,13,1065.9160000000002,30.730999999999998,47.132,2.244,72099.0,1974.0,12.448,0.341,people tested,5792203,136.52,42.3,19.677,12.325,46682.515,0.2,114.76700000000001,6.41,19.3,18.8,,2.5,73.58,35.26,60.65,35
92,DNK,Denmark,2020-04-14,6318,144,285,12,1090.777,24.861,49.20399999999999,2.072,73919.0,1820.0,12.762,0.314,people tested,5792203,136.52,42.3,19.677,12.325,46682.515,0.2,114.76700000000001,6.41,19.3,18.8,,2.5,77.88,34.36,66.49,36
93,DNK,Denmark,2020-04-15,6511,193,299,14,1124.097,33.321,51.621,2.417,77712.0,3793.0,13.417,0.655,people tested,5792203,136.52,42.3,19.677,12.325,46682.515,0.2,114.76700000000001,6.41,19.3,18.8,,2.5,80.32,37.09,70.92,37
94,DNK,Denmark,2020-04-16,6681,170,309,10,1153.447,29.35,53.348,1.726,82380.0,4668.0,14.222999999999999,0.8059999999999999,people tested,5792203,136.52,42.3,19.677,12.325,46682.515,0.2,114.76700000000001,6.41,19.3,18.8,,2.5,82.37,37.28,74.24,38
95,DNK,Denmark,2020-04-17,6879,198,321,12,1187.631,34.184,55.419,2.072,87024.0,4644.0,15.024000000000001,0.802,people tested,5792203,136.52,42.3,19.677,12.325,46682.515,0.2,114.76700000000001,6.41,19.3,18.8,,2.5,85.22,40.06,81.08,39
96,DNK,Denmark,2020-04-18,7073,194,336,15,1221.124,33.493,58.00899999999999,2.59,91437.0,4413.0,15.786,0.762,people tested,5792203,136.52,42.3,19.677,12.325,46682.515,0.2,114.76700000000001,6.41,19.3,18.8,,2.5,80.85,38.39,82.95,40
97,DNK,Denmark,2020-04-19,7242,169,346,10,1250.3010000000002,29.177,59.735,1.726,94277.0,2840.0,16.277,0.49,people tested,5792203,136.52,42.3,19.677,12.325,46682.515,0.2,114.76700000000001,6.41,19.3,18.8,,2.5,84.05,42.4,79.49,41
98,DNK,Denmark,2020-04-20,7384,142,355,9,1274.817,24.516,61.288999999999994,1.554,96244.0,1967.0,16.616,0.34,people tested,5792203,136.52,42.3,19.677,12.325,46682.515,0.2,114.76700000000001,6.41,19.3,18.8,,2.5,85.69,41.87,83.64,42
99,DNK,Denmark,2020-04-21,7515,131,364,9,1297.434,22.616999999999997,62.843,1.554,100543.0,4299.0,17.358,0.742,people tested,5792203,136.52,42.3,19.677,12.325,46682.515,0.2,114.76700000000001,6.41,19.3,18.8,,2.5,88.88,43.19,86.29,43
100,DNK,Denmark,2020-04-22,7695,180,370,6,1328.51,31.076,63.879,1.036,108465.0,7922.0,18.726,1.368,people tested,5792203,136.52,42.3,19.677,12.325,46682.515,0.2,114.76700000000001,6.41,19.3,18.8,,2.5,91.11,42.56,88.04,44
101,DNK,Denmark,2020-04-23,7912,217,384,14,1365.974,37.464,66.296,2.417,116621.0,8156.0,20.134,1.4080000000000001,people tested,5792203,136.52,42.3,19.677,12.325,46682.515,0.2,114.76700000000001,6.41,19.3,18.8,,2.5,93.2,45.63,90.22,45
102,DNK,Denmark,2020-04-24,8073,161,394,10,1393.77,27.796,68.02199999999999,1.726,125329.0,8708.0,21.638,1.5030000000000001,people tested,5792203,136.52,42.3,19.677,12.325,46682.515,0.2,114.76700000000001,6.41,19.3,18.8,,2.5,92.28,44.02,88.08,46
103,DNK,Denmark,2020-04-25,8210,137,403,9,1417.4229999999998,23.651999999999997,69.57600000000001,1.554,136738.0,11409.0,23.607,1.97,people tested,5792203,136.52,42.3,19.677,12.325,46682.515,0.2,114.76700000000001,6.41,19.3,18.8,,2.5,85.8,43.87,87.26,47
104,DNK,Denmark,2020-04-26,8445,235,418,15,1457.994,40.571999999999996,72.166,2.59,146915.0,10177.0,25.364,1.757,people tested,5792203,136.52,42.3,19.677,12.325,46682.515,0.2,114.76700000000001,6.41,19.3,18.8,,2.5,85.75,45.5,75.37,48
105,DNK,Denmark,2020-04-27,8575,130,422,4,1480.4379999999999,22.444000000000003,72.857,0.691,155810.0,8895.0,26.9,1.536,people tested,5792203,136.52,42.3,19.677,12.325,46682.515,0.2,114.76700000000001,6.41,19.3,18.8,,2.5,86.22,42.76,75.19,49
106,DNK,Denmark,2020-04-28,8698,123,427,5,1501.674,21.235,73.72,0.863,,,,,,5792203,136.52,42.3,19.677,12.325,46682.515,0.2,114.76700000000001,6.41,19.3,18.8,,2.5,89.35,43.49,82.19,50
107,DNK,Denmark,2020-04-29,8851,153,434,7,1528.089,26.415,74.928,1.209,180062.0,,31.087,,people tested,5792203,136.52,42.3,19.677,12.325,46682.515,0.2,114.76700000000001,6.41,19.3,18.8,,2.5,88.06,41.71,69.03,51
108,DNK,Denmark,2020-04-30,9008,157,443,9,1555.194,27.105,76.482,1.554,193165.0,13103.0,33.349000000000004,2.262,people tested,5792203,136.52,42.3,19.677,12.325,46682.515,0.2,114.76700000000001,6.41,19.3,18.8,,2.5,90.64,44.71,68.65,52
109,DNK,Denmark,2020-05-01,9158,150,452,9,1581.0910000000001,25.897,78.036,1.554,206576.0,13411.0,35.664,2.315,people tested,5792203,136.52,42.3,19.677,12.325,46682.515,0.2,114.76700000000001,6.41,19.3,18.8,,2.5,94.39,47.39,84.29,53
110,DNK,Denmark,2020-05-02,9311,153,460,8,1607.506,26.415,79.417,1.381,221912.0,15336.0,38.312,2.648,people tested,5792203,136.52,42.3,19.677,12.325,46682.515,0.2,114.76700000000001,6.41,19.3,18.8,,2.5,87.7,44.9,80.43,54
111,DNK,Denmark,2020-05-03,9407,96,475,15,1624.08,16.574,82.007,2.59,233799.0,11887.0,40.364000000000004,2.052,people tested,5792203,136.52,42.3,19.677,12.325,46682.515,0.2,114.76700000000001,6.41,19.3,18.8,,2.5,95.53,48.91,86.44,55
112,DNK,Denmark,2020-05-04,9523,116,484,9,1644.1070000000002,20.027,83.561,1.554,244791.0,10992.0,42.262,1.8980000000000001,people tested,5792203,136.52,42.3,19.677,12.325,46682.515,0.2,114.76700000000001,6.41,19.3,18.8,,2.5,94.7,49.22,87.77,56
113,DNK,Denmark,2020-05-05,9670,147,493,9,1669.486,25.379,85.11399999999999,1.554,257738.0,12947.0,44.497,2.235,people tested,5792203,136.52,42.3,19.677,12.325,46682.515,0.2,114.76700000000001,6.41,19.3,18.8,,2.5,98.29,48.86,90.13,57
114,DNK,Denmark,2020-05-06,9821,151,503,10,1695.555,26.07,86.84100000000001,1.726,270680.0,12942.0,46.732,2.234,people tested,5792203,136.52,42.3,19.677,12.325,46682.515,0.2,114.76700000000001,6.41,19.3,18.8,,2.5,100.29,48.86,91.81,58
115,DNK,Denmark,2020-05-07,9983,162,506,3,1723.524,27.969,87.359,0.518,284480.0,13800.0,49.114,2.383,people tested,5792203,136.52,42.3,19.677,12.325,46682.515,0.2,114.76700000000001,6.41,19.3,18.8,,2.5,107.21,51.43,100.04,59
116,DNK,Denmark,2020-05-08,10083,100,514,8,1740.7879999999998,17.265,88.74,1.381,298488.0,14008.0,51.533,2.418,people tested,5792203,136.52,42.3,19.677,12.325,46682.515,0.2,114.76700000000001,6.41,19.3,18.8,,2.5,100.57,52.11,101.83,60
117,DNK,Denmark,2020-05-09,10218,135,522,8,1764.096,23.307,90.12100000000001,1.381,308984.0,10496.0,53.345,1.8119999999999998,people tested,5792203,136.52,42.3,19.677,12.325,46682.515,0.2,114.76700000000001,6.41,19.3,18.8,,2.5,100.51,51.12,102.64,61
