,iso_code,location,date,total_cases,new_cases,total_deaths,new_deaths,total_cases_per_million,new_cases_per_million,total_deaths_per_million,new_deaths_per_million,total_tests,new_tests,total_tests_per_thousand,new_tests_per_thousand,tests_units,population,population_density,median_age,aged_65_older,aged_70_older,gdp_per_capita,extreme_poverty,cvd_death_rate,diabetes_prevalence,female_smokers,male_smokers,handwashing_facilities,hospital_beds_per_100k,driving,transit,walking,days
40,JPN,Japan,2020-02-22,105,12,1,0,0.83,0.095,0.008,0.0,,,,,,126476458,347.778,48.2,27.049,18.493,39002.223,,79.37,5.72,11.2,33.7,,13.05,142.83,130.41,145.52,1
41,JPN,Japan,2020-02-23,132,27,1,0,1.044,0.213,0.008,0.0,,,,,,126476458,347.778,48.2,27.049,18.493,39002.223,,79.37,5.72,11.2,33.7,,13.05,116.21,112.61,121.18,2
42,JPN,Japan,2020-02-24,144,12,1,0,1.139,0.095,0.008,0.0,,,,,,126476458,347.778,48.2,27.049,18.493,39002.223,,79.37,5.72,11.2,33.7,,13.05,107.01,104.56,112.83,3
43,JPN,Japan,2020-02-25,144,0,1,0,1.139,0.0,0.008,0.0,,,,,,126476458,347.778,48.2,27.049,18.493,39002.223,,79.37,5.72,11.2,33.7,,13.05,107.46,102.38,111.53,4
44,JPN,Japan,2020-02-26,164,20,1,0,1.297,0.158,0.008,0.0,1890.0,,0.015,,people tested,126476458,347.778,48.2,27.049,18.493,39002.223,,79.37,5.72,11.2,33.7,,13.05,103.29,97.64,104.84,5
45,JPN,Japan,2020-02-27,186,22,3,2,1.4709999999999999,0.174,0.024,0.016,2058.0,,0.016,,people tested,126476458,347.778,48.2,27.049,18.493,39002.223,,79.37,5.72,11.2,33.7,,13.05,112.22,102.82,112.22,6
46,JPN,Japan,2020-02-28,210,24,3,0,1.66,0.19,0.024,0.0,2209.0,,0.017,,people tested,126476458,347.778,48.2,27.049,18.493,39002.223,,79.37,5.72,11.2,33.7,,13.05,114.58,104.61,116.77,7
47,JPN,Japan,2020-02-29,230,20,3,0,1.819,0.158,0.024,0.0,2339.0,,0.018000000000000002,,people tested,126476458,347.778,48.2,27.049,18.493,39002.223,,79.37,5.72,11.2,33.7,,13.05,103.92,98.18,101.49,8
48,JPN,Japan,2020-03-01,239,9,5,2,1.89,0.071,0.04,0.016,,,,,,126476458,347.778,48.2,27.049,18.493,39002.223,,79.37,5.72,11.2,33.7,,13.05,105.91,100.79,113.27,9
49,JPN,Japan,2020-03-02,254,15,6,1,2.008,0.11900000000000001,0.047,0.008,2517.0,,0.02,,people tested,126476458,347.778,48.2,27.049,18.493,39002.223,,79.37,5.72,11.2,33.7,,13.05,103.24,97.95,103.49,10
50,JPN,Japan,2020-03-03,254,0,6,0,2.008,0.0,0.047,0.0,2684.0,,0.021,,people tested,126476458,347.778,48.2,27.049,18.493,39002.223,,79.37,5.72,11.2,33.7,,13.05,106.01,100.36,109.96,11
51,JPN,Japan,2020-03-04,268,14,6,0,2.119,0.111,0.047,0.0,6519.0,,0.052000000000000005,,people tested,126476458,347.778,48.2,27.049,18.493,39002.223,,79.37,5.72,11.2,33.7,,13.05,110.8,104.22,117.33,12
52,JPN,Japan,2020-03-05,317,49,6,0,2.506,0.387,0.047,0.0,6777.0,,0.054000000000000006,,people tested,126476458,347.778,48.2,27.049,18.493,39002.223,,79.37,5.72,11.2,33.7,,13.05,122.87,109.49,121.2,13
53,JPN,Japan,2020-03-06,349,32,6,0,2.759,0.253,0.047,0.0,7476.0,,0.059000000000000004,,people tested,126476458,347.778,48.2,27.049,18.493,39002.223,,79.37,5.72,11.2,33.7,,13.05,115.69,101.58,102.85,14
54,JPN,Japan,2020-03-07,408,59,6,0,3.2260000000000004,0.466,0.047,0.0,8029.0,,0.063,,people tested,126476458,347.778,48.2,27.049,18.493,39002.223,,79.37,5.72,11.2,33.7,,13.05,113.65,106,118.47,15
55,JPN,Japan,2020-03-08,455,47,6,0,3.5980000000000003,0.37200000000000005,0.047,0.0,8176.0,,0.065,,people tested,126476458,347.778,48.2,27.049,18.493,39002.223,,79.37,5.72,11.2,33.7,,13.05,108.76,102.41,108.01,16
56,JPN,Japan,2020-03-09,488,33,7,1,3.858,0.261,0.055,0.008,8286.0,,0.066,,people tested,126476458,347.778,48.2,27.049,18.493,39002.223,,79.37,5.72,11.2,33.7,,13.05,116.12,109.49,126.08,17
57,JPN,Japan,2020-03-10,514,26,9,2,4.064,0.20600000000000002,0.071,0.016,9600.0,,0.076,,people tested,126476458,347.778,48.2,27.049,18.493,39002.223,,79.37,5.72,11.2,33.7,,13.05,117.83,111.98,132.61,18
58,JPN,Japan,2020-03-11,568,54,12,3,4.4910000000000005,0.42700000000000005,0.095,0.024,10024.0,,0.079,,people tested,126476458,347.778,48.2,27.049,18.493,39002.223,,79.37,5.72,11.2,33.7,,13.05,115.47,110.47,130.25,19
59,JPN,Japan,2020-03-12,619,51,15,3,4.894,0.40299999999999997,0.11900000000000001,0.024,10205.0,,0.081,,people tested,126476458,347.778,48.2,27.049,18.493,39002.223,,79.37,5.72,11.2,33.7,,13.05,123.4,108.61,112.95,20
60,JPN,Japan,2020-03-13,675,56,19,4,5.337000000000001,0.44299999999999995,0.15,0.032,11231.0,,0.08900000000000001,,people tested,126476458,347.778,48.2,27.049,18.493,39002.223,,79.37,5.72,11.2,33.7,,13.05,133.14,113.41,124.7,21
61,JPN,Japan,2020-03-14,737,62,21,2,5.827000000000001,0.49,0.166,0.016,12060.0,,0.095,,people tested,126476458,347.778,48.2,27.049,18.493,39002.223,,79.37,5.72,11.2,33.7,,13.05,120.19,110.5,122.39,22
62,JPN,Japan,2020-03-15,780,43,22,1,6.167000000000001,0.34,0.174,0.008,13026.0,,0.10300000000000001,,people tested,126476458,347.778,48.2,27.049,18.493,39002.223,,79.37,5.72,11.2,33.7,,13.05,119.97,112.5,129.51,23
63,JPN,Japan,2020-03-16,814,34,24,2,6.436,0.26899999999999996,0.19,0.016,13068.0,,0.10300000000000001,,people tested,126476458,347.778,48.2,27.049,18.493,39002.223,,79.37,5.72,11.2,33.7,,13.05,123.25,115.65,136.79,24
64,JPN,Japan,2020-03-17,824,10,28,4,6.515,0.079,0.221,0.032,15655.0,,0.124,,people tested,126476458,347.778,48.2,27.049,18.493,39002.223,,79.37,5.72,11.2,33.7,,13.05,127.56,118.04,138.72,25
65,JPN,Japan,2020-03-18,829,5,28,0,6.555,0.04,0.221,0.0,14525.0,,0.115,,people tested,126476458,347.778,48.2,27.049,18.493,39002.223,,79.37,5.72,11.2,33.7,,13.05,152.83,127.64,142.88,26
66,JPN,Japan,2020-03-19,873,44,29,1,6.902,0.348,0.22899999999999998,0.008,15354.0,,0.121,,people tested,126476458,347.778,48.2,27.049,18.493,39002.223,,79.37,5.72,11.2,33.7,,13.05,161.59,131.95,149.4,27
67,JPN,Japan,2020-03-20,950,77,33,4,7.511,0.609,0.261,0.032,18844.0,,0.149,,people tested,126476458,347.778,48.2,27.049,18.493,39002.223,,79.37,5.72,11.2,33.7,,13.05,148.75,123.18,140.39,28
68,JPN,Japan,2020-03-21,1007,57,35,2,7.962000000000001,0.451,0.27699999999999997,0.016,18963.0,,0.15,,people tested,126476458,347.778,48.2,27.049,18.493,39002.223,,79.37,5.72,11.2,33.7,,13.05,127.72,116.13,133.79,29
69,JPN,Japan,2020-03-22,1046,39,36,1,8.27,0.308,0.285,0.008,20228.0,,0.16,,people tested,126476458,347.778,48.2,27.049,18.493,39002.223,,79.37,5.72,11.2,33.7,,13.05,124.82,116.35,134.98,30
70,JPN,Japan,2020-03-23,1089,43,41,5,8.61,0.34,0.324,0.04,20340.0,,0.161,,people tested,126476458,347.778,48.2,27.049,18.493,39002.223,,79.37,5.72,11.2,33.7,,13.05,128.24,118.84,141.1,31
71,JPN,Japan,2020-03-24,1128,39,42,1,8.919,0.308,0.332,0.008,24430.0,,0.193,,people tested,126476458,347.778,48.2,27.049,18.493,39002.223,,79.37,5.72,11.2,33.7,,13.05,128.82,117.95,142,32
72,JPN,Japan,2020-03-25,1193,65,43,1,9.433,0.514,0.34,0.008,23521.0,,0.18600000000000003,,people tested,126476458,347.778,48.2,27.049,18.493,39002.223,,79.37,5.72,11.2,33.7,,13.05,121.43,109.55,123.41,33
73,JPN,Japan,2020-03-26,1268,75,45,2,10.026,0.593,0.35600000000000004,0.016,25171.0,,0.19899999999999998,,people tested,126476458,347.778,48.2,27.049,18.493,39002.223,,79.37,5.72,11.2,33.7,,13.05,122.59,102.47,105.55,34
74,JPN,Japan,2020-03-27,1364,96,46,1,10.785,0.759,0.364,0.008,27005.0,,0.214,,people tested,126476458,347.778,48.2,27.049,18.493,39002.223,,79.37,5.72,11.2,33.7,,13.05,111.03,91.71,84.38,35
75,JPN,Japan,2020-03-28,1499,135,49,3,11.852,1.067,0.387,0.024,28464.0,,0.225,,people tested,126476458,347.778,48.2,27.049,18.493,39002.223,,79.37,5.72,11.2,33.7,,13.05,111.53,99.29,105.3,36
76,JPN,Japan,2020-03-29,1693,194,52,3,13.386,1.534,0.41100000000000003,0.024,28760.0,,0.22699999999999998,,people tested,126476458,347.778,48.2,27.049,18.493,39002.223,,79.37,5.72,11.2,33.7,,13.05,105.3,95.23,105.72,37
77,JPN,Japan,2020-03-30,1866,173,54,2,14.754000000000001,1.368,0.42700000000000005,0.016,28966.0,,0.22899999999999998,,people tested,126476458,347.778,48.2,27.049,18.493,39002.223,,79.37,5.72,11.2,33.7,,13.05,97.79,93.59,94.47,38
78,JPN,Japan,2020-03-31,1953,87,56,2,15.442,0.688,0.44299999999999995,0.016,32497.0,,0.257,,people tested,126476458,347.778,48.2,27.049,18.493,39002.223,,79.37,5.72,11.2,33.7,,13.05,98.41,92.36,98.5,39
79,JPN,Japan,2020-04-01,1953,0,56,0,15.442,0.0,0.44299999999999995,0.0,34508.0,,0.273,,people tested,126476458,347.778,48.2,27.049,18.493,39002.223,,79.37,5.72,11.2,33.7,,13.05,99.61,91.56,101.04,40
80,JPN,Japan,2020-04-02,2178,225,57,1,17.221,1.7790000000000001,0.451,0.008,34510.0,,0.273,,people tested,126476458,347.778,48.2,27.049,18.493,39002.223,,79.37,5.72,11.2,33.7,,13.05,107.26,91.22,100.06,41
81,JPN,Japan,2020-04-03,2617,439,63,6,20.691999999999997,3.471,0.498,0.047,39446.0,,0.312,,people tested,126476458,347.778,48.2,27.049,18.493,39002.223,,79.37,5.72,11.2,33.7,,13.05,97.79,81.07,82.85,42
82,JPN,Japan,2020-04-04,2935,318,69,6,23.206,2.5140000000000002,0.546,0.047,42882.0,,0.33899999999999997,,people tested,126476458,347.778,48.2,27.049,18.493,39002.223,,79.37,5.72,11.2,33.7,,13.05,91.93,82.91,88.32,43
83,JPN,Japan,2020-04-05,3271,336,70,1,25.863000000000003,2.657,0.5529999999999999,0.008,44639.0,,0.353,,people tested,126476458,347.778,48.2,27.049,18.493,39002.223,,79.37,5.72,11.2,33.7,,13.05,87.35,78.3,84.77,44
84,JPN,Japan,2020-04-06,3654,383,73,3,28.891,3.028,0.5770000000000001,0.024,46172.0,,0.365,,people tested,126476458,347.778,48.2,27.049,18.493,39002.223,,79.37,5.72,11.2,33.7,,13.05,83.74,73.88,79.34,45
85,JPN,Japan,2020-04-07,3817,163,80,7,30.18,1.2890000000000001,0.633,0.055,55311.0,,0.43700000000000006,,people tested,126476458,347.778,48.2,27.049,18.493,39002.223,,79.37,5.72,11.2,33.7,,13.05,81.2,70.69,75.52,46
86,JPN,Japan,2020-04-08,3906,89,80,0,30.883000000000003,0.7040000000000001,0.633,0.0,61498.0,,0.486,,people tested,126476458,347.778,48.2,27.049,18.493,39002.223,,79.37,5.72,11.2,33.7,,13.05,79.75,68.03,72.25,47
87,JPN,Japan,2020-04-09,4257,351,81,1,33.658,2.775,0.64,0.008,64387.0,,0.509,,people tested,126476458,347.778,48.2,27.049,18.493,39002.223,,79.37,5.72,11.2,33.7,,13.05,85.41,69.34,75.47,48
88,JPN,Japan,2020-04-10,4667,410,85,4,36.9,3.242,0.672,0.032,68771.0,,0.544,,people tested,126476458,347.778,48.2,27.049,18.493,39002.223,,79.37,5.72,11.2,33.7,,13.05,69.08,56.65,56.71,49
89,JPN,Japan,2020-04-11,5347,680,88,3,42.277,5.376,0.696,0.024,74891.0,,0.5920000000000001,,people tested,126476458,347.778,48.2,27.049,18.493,39002.223,,79.37,5.72,11.2,33.7,,13.05,67.85,57.7,46.81,50
90,JPN,Japan,2020-04-12,6748,1401,98,10,53.354,11.077,0.775,0.079,77381.0,,0.612,,people tested,126476458,347.778,48.2,27.049,18.493,39002.223,,79.37,5.72,11.2,33.7,,13.05,74.14,61.63,63.73,51
91,JPN,Japan,2020-04-13,7255,507,102,4,57.361999999999995,4.0089999999999995,0.8059999999999999,0.032,78702.0,,0.622,,people tested,126476458,347.778,48.2,27.049,18.493,39002.223,,79.37,5.72,11.2,33.7,,13.05,78.43,64.82,72.88,52
92,JPN,Japan,2020-04-14,7645,390,109,7,60.446000000000005,3.0839999999999996,0.862,0.055,89551.0,,0.708,,people tested,126476458,347.778,48.2,27.049,18.493,39002.223,,79.37,5.72,11.2,33.7,,13.05,77.49,63.57,70.81,53
93,JPN,Japan,2020-04-15,8100,455,119,10,64.044,3.5980000000000003,0.941,0.079,94236.0,,0.745,,people tested,126476458,347.778,48.2,27.049,18.493,39002.223,,79.37,5.72,11.2,33.7,,13.05,73.73,60.27,64.34,54
94,JPN,Japan,2020-04-16,8582,482,136,17,67.855,3.8110000000000004,1.075,0.134,100703.0,,0.7959999999999999,,people tested,126476458,347.778,48.2,27.049,18.493,39002.223,,79.37,5.72,11.2,33.7,,13.05,67.08,53.55,47.9,55
95,JPN,Japan,2020-04-17,9167,585,148,12,72.48,4.625,1.17,0.095,106372.0,,0.841,,people tested,126476458,347.778,48.2,27.049,18.493,39002.223,,79.37,5.72,11.2,33.7,,13.05,72.91,58.82,71.4,56
96,JPN,Japan,2020-04-18,9795,628,154,6,77.445,4.965,1.218,0.047,111325.0,,0.88,,people tested,126476458,347.778,48.2,27.049,18.493,39002.223,,79.37,5.72,11.2,33.7,,13.05,67.95,55.07,52.6,57
97,JPN,Japan,2020-04-19,10361,566,161,7,81.92,4.475,1.273,0.055,112816.0,,0.892,,people tested,126476458,347.778,48.2,27.049,18.493,39002.223,,79.37,5.72,11.2,33.7,,13.05,70.73,58.05,63.57,58
98,JPN,Japan,2020-04-20,10751,390,171,10,85.00399999999999,3.0839999999999996,1.3519999999999999,0.079,116725.0,,0.9229999999999999,,people tested,126476458,347.778,48.2,27.049,18.493,39002.223,,79.37,5.72,11.2,33.7,,13.05,70.45,57.19,62.52,59
99,JPN,Japan,2020-04-21,11118,367,186,15,87.906,2.9019999999999997,1.4709999999999999,0.11900000000000001,124550.0,,0.985,,people tested,126476458,347.778,48.2,27.049,18.493,39002.223,,79.37,5.72,11.2,33.7,,13.05,69.58,55.69,60.37,60
100,JPN,Japan,2020-04-22,11496,378,186,0,90.89399999999999,2.989,1.4709999999999999,0.0,130587.0,,1.033,,people tested,126476458,347.778,48.2,27.049,18.493,39002.223,,79.37,5.72,11.2,33.7,,13.05,70.42,56.41,60.29,61
101,JPN,Japan,2020-04-23,11772,276,287,101,93.07700000000001,2.182,2.269,0.799,135983.0,,1.075,,people tested,126476458,347.778,48.2,27.049,18.493,39002.223,,79.37,5.72,11.2,33.7,,13.05,74.9,59.08,68.62,62
102,JPN,Japan,2020-04-24,12240,468,317,30,96.777,3.7,2.506,0.237,141600.0,,1.12,,people tested,126476458,347.778,48.2,27.049,18.493,39002.223,,79.37,5.72,11.2,33.7,,13.05,67.8,54.49,65.01,63
103,JPN,Japan,2020-04-25,12892,652,334,17,101.932,5.155,2.641,0.134,147454.0,,1.166,,people tested,126476458,347.778,48.2,27.049,18.493,39002.223,,79.37,5.72,11.2,33.7,,13.05,68.85,55.12,57.34,64
104,JPN,Japan,2020-04-26,13182,290,348,14,104.225,2.293,2.752,0.111,149074.0,,1.179,,people tested,126476458,347.778,48.2,27.049,18.493,39002.223,,79.37,5.72,11.2,33.7,,13.05,70.05,55.81,58.12,65
105,JPN,Japan,2020-04-27,13385,203,351,3,105.83,1.605,2.775,0.024,150692.0,,1.1909999999999998,,people tested,126476458,347.778,48.2,27.049,18.493,39002.223,,79.37,5.72,11.2,33.7,,13.05,69.1,56.2,69.03,66
106,JPN,Japan,2020-04-28,13576,191,376,25,107.34,1.51,2.9730000000000003,0.198,160546.0,,1.2690000000000001,,people tested,126476458,347.778,48.2,27.049,18.493,39002.223,,79.37,5.72,11.2,33.7,,13.05,73.08,58.62,69.07,67
107,JPN,Japan,2020-04-29,13852,276,389,13,109.522,2.182,3.076,0.10300000000000001,164255.0,,1.2990000000000002,,people tested,126476458,347.778,48.2,27.049,18.493,39002.223,,79.37,5.72,11.2,33.7,,13.05,75.34,60.87,70.43,68
108,JPN,Japan,2020-04-30,14088,236,415,26,111.38799999999999,1.8659999999999999,3.281,0.20600000000000002,165609.0,,1.3090000000000002,,people tested,126476458,347.778,48.2,27.049,18.493,39002.223,,79.37,5.72,11.2,33.7,,13.05,78.43,62.19,74.47,69
109,JPN,Japan,2020-05-01,14281,193,432,17,112.914,1.526,3.4160000000000004,0.134,174150.0,,1.3769999999999998,,people tested,126476458,347.778,48.2,27.049,18.493,39002.223,,79.37,5.72,11.2,33.7,,13.05,72.08,57.57,69.19,70
110,JPN,Japan,2020-05-02,14544,263,458,26,114.994,2.079,3.6210000000000004,0.20600000000000002,181527.0,,1.435,,people tested,126476458,347.778,48.2,27.049,18.493,39002.223,,79.37,5.72,11.2,33.7,,13.05,69.96,55.51,61.93,71
111,JPN,Japan,2020-05-03,14839,295,492,34,117.32600000000001,2.332,3.89,0.26899999999999996,183251.0,,1.449,,people tested,126476458,347.778,48.2,27.049,18.493,39002.223,,79.37,5.72,11.2,33.7,,13.05,76.4,60.04,71.02,72
112,JPN,Japan,2020-05-04,15057,218,510,18,119.05,1.724,4.032,0.142,184586.0,,1.459,,people tested,126476458,347.778,48.2,27.049,18.493,39002.223,,79.37,5.72,11.2,33.7,,13.05,64.72,51.43,53.24,73
113,JPN,Japan,2020-05-05,15231,174,521,11,120.426,1.376,4.119,0.087,186343.0,,1.473,,people tested,126476458,347.778,48.2,27.049,18.493,39002.223,,79.37,5.72,11.2,33.7,,13.05,71.45,58.79,63.34,74
114,JPN,Japan,2020-05-06,15354,123,543,22,121.398,0.973,4.293,0.174,188927.0,,1.494,,people tested,126476458,347.778,48.2,27.049,18.493,39002.223,,79.37,5.72,11.2,33.7,,13.05,77.03,62.88,71.61,75
115,JPN,Japan,2020-05-07,15463,109,551,8,122.26,0.862,4.357,0.063,190030.0,,1.5019999999999998,,people tested,126476458,347.778,48.2,27.049,18.493,39002.223,,79.37,5.72,11.2,33.7,,13.05,77.83,63.21,74.12,76
116,JPN,Japan,2020-05-08,15547,84,557,6,122.92399999999999,0.664,4.404,0.047,202013.0,,1.597,,people tested,126476458,347.778,48.2,27.049,18.493,39002.223,,79.37,5.72,11.2,33.7,,13.05,68.89,56.43,60.73,77
117,JPN,Japan,2020-05-09,15628,81,601,44,123.564,0.64,4.752,0.348,211997.0,,1.676,,people tested,126476458,347.778,48.2,27.049,18.493,39002.223,,79.37,5.72,11.2,33.7,,13.05,45.58,13.82,34.56,78
