,iso_code,location,date,total_cases,new_cases,total_deaths,new_deaths,total_cases_per_million,new_cases_per_million,total_deaths_per_million,new_deaths_per_million,total_tests,new_tests,total_tests_per_thousand,new_tests_per_thousand,tests_units,population,population_density,median_age,aged_65_older,aged_70_older,gdp_per_capita,extreme_poverty,cvd_death_rate,diabetes_prevalence,female_smokers,male_smokers,handwashing_facilities,hospital_beds_per_100k,driving,transit,walking,days
54,NOR,Norway,2020-03-07,113,27,0,0,20.844,4.98,0.0,0.0,,,,,,5421242,14.462,39.7,16.820999999999998,10.812999999999999,64800.057,0.2,114.316,5.31,19.6,20.7,,3.6,111.53,111.71,133.68,1
55,NOR,Norway,2020-03-08,147,34,0,0,27.116,6.272,0.0,0.0,,,,,,5421242,14.462,39.7,16.820999999999998,10.812999999999999,64800.057,0.2,114.316,5.31,19.6,20.7,,3.6,118.28,100.39,80.99,2
56,NOR,Norway,2020-03-09,169,22,0,0,31.174,4.058,0.0,0.0,,,,,,5421242,14.462,39.7,16.820999999999998,10.812999999999999,64800.057,0.2,114.316,5.31,19.6,20.7,,3.6,96.35,93.39,93.36,3
57,NOR,Norway,2020-03-10,192,23,0,0,35.416,4.243,0.0,0.0,,,,,,5421242,14.462,39.7,16.820999999999998,10.812999999999999,64800.057,0.2,114.316,5.31,19.6,20.7,,3.6,93.88,88.36,89.19,4
58,NOR,Norway,2020-03-11,277,85,0,0,51.095,15.679,0.0,0.0,,,,,,5421242,14.462,39.7,16.820999999999998,10.812999999999999,64800.057,0.2,114.316,5.31,19.6,20.7,,3.6,86.81,78.62,89.43,5
59,NOR,Norway,2020-03-12,489,212,0,0,90.20100000000001,39.105,0.0,0.0,,,,,,5421242,14.462,39.7,16.820999999999998,10.812999999999999,64800.057,0.2,114.316,5.31,19.6,20.7,,3.6,80.56,56.74,70.85,6
60,NOR,Norway,2020-03-13,621,132,1,1,114.54899999999999,24.349,0.184,0.184,,,,,,5421242,14.462,39.7,16.820999999999998,10.812999999999999,64800.057,0.2,114.316,5.31,19.6,20.7,,3.6,73.72,44.42,61.01,7
61,NOR,Norway,2020-03-14,621,0,1,0,114.54899999999999,0.0,0.184,0.0,,,,,,5421242,14.462,39.7,16.820999999999998,10.812999999999999,64800.057,0.2,114.316,5.31,19.6,20.7,,3.6,59.14,39.74,53.76,8
62,NOR,Norway,2020-03-15,907,286,1,0,167.305,52.755,0.184,0.0,,,,,,5421242,14.462,39.7,16.820999999999998,10.812999999999999,64800.057,0.2,114.316,5.31,19.6,20.7,,3.6,51.2,32.91,36.73,9
63,NOR,Norway,2020-03-16,1077,170,1,0,198.66299999999998,31.358,0.184,0.0,18062.0,,3.332,,people tested,5421242,14.462,39.7,16.820999999999998,10.812999999999999,64800.057,0.2,114.316,5.31,19.6,20.7,,3.6,56.73,30.71,50.86,10
64,NOR,Norway,2020-03-17,1169,92,3,2,215.63299999999998,16.97,0.5529999999999999,0.369,21647.0,3585.0,3.9930000000000003,0.6609999999999999,people tested,5421242,14.462,39.7,16.820999999999998,10.812999999999999,64800.057,0.2,114.316,5.31,19.6,20.7,,3.6,54.58,31.19,51.59,11
65,NOR,Norway,2020-03-18,1308,139,3,0,241.273,25.64,0.5529999999999999,0.0,28522.0,6875.0,5.261,1.268,people tested,5421242,14.462,39.7,16.820999999999998,10.812999999999999,64800.057,0.2,114.316,5.31,19.6,20.7,,3.6,54.07,29.63,53.44,12
66,NOR,Norway,2020-03-19,1423,115,3,0,262.486,21.213,0.5529999999999999,0.0,34583.0,6061.0,6.379,1.1179999999999999,people tested,5421242,14.462,39.7,16.820999999999998,10.812999999999999,64800.057,0.2,114.316,5.31,19.6,20.7,,3.6,55.82,28.04,55.24,13
67,NOR,Norway,2020-03-20,1552,129,6,3,286.281,23.795,1.107,0.5529999999999999,43735.0,9152.0,8.067,1.6880000000000002,people tested,5421242,14.462,39.7,16.820999999999998,10.812999999999999,64800.057,0.2,114.316,5.31,19.6,20.7,,3.6,58.87,30.97,58.9,14
68,NOR,Norway,2020-03-21,1742,190,7,1,321.329,35.047,1.291,0.184,49451.0,5716.0,9.122,1.054,people tested,5421242,14.462,39.7,16.820999999999998,10.812999999999999,64800.057,0.2,114.316,5.31,19.6,20.7,,3.6,55.9,30.54,62.58,15
69,NOR,Norway,2020-03-22,1926,184,7,0,355.269,33.941,1.291,0.0,54393.0,4942.0,10.033,0.912,people tested,5421242,14.462,39.7,16.820999999999998,10.812999999999999,64800.057,0.2,114.316,5.31,19.6,20.7,,3.6,53.79,32.88,51.25,16
70,NOR,Norway,2020-03-23,2132,206,7,0,393.26800000000003,37.999,1.291,0.0,61251.0,6858.0,11.298,1.265,people tested,5421242,14.462,39.7,16.820999999999998,10.812999999999999,64800.057,0.2,114.316,5.31,19.6,20.7,,3.6,59.29,31.74,50.51,17
71,NOR,Norway,2020-03-24,2371,239,8,1,437.35400000000004,44.086000000000006,1.476,0.184,70608.0,9357.0,13.024000000000001,1.726,people tested,5421242,14.462,39.7,16.820999999999998,10.812999999999999,64800.057,0.2,114.316,5.31,19.6,20.7,,3.6,57.57,30.74,49.21,18
72,NOR,Norway,2020-03-25,2566,195,10,2,473.32300000000004,35.97,1.845,0.369,73089.0,2481.0,13.482000000000001,0.45799999999999996,people tested,5421242,14.462,39.7,16.820999999999998,10.812999999999999,64800.057,0.2,114.316,5.31,19.6,20.7,,3.6,59.26,30.96,52.63,19
73,NOR,Norway,2020-03-26,2916,350,12,2,537.884,64.561,2.214,0.369,73892.0,803.0,13.63,0.14800000000000002,people tested,5421242,14.462,39.7,16.820999999999998,10.812999999999999,64800.057,0.2,114.316,5.31,19.6,20.7,,3.6,62.82,31.17,56.75,20
74,NOR,Norway,2020-03-27,3156,240,14,2,582.154,44.27,2.582,0.369,78036.0,4144.0,14.394,0.764,people tested,5421242,14.462,39.7,16.820999999999998,10.812999999999999,64800.057,0.2,114.316,5.31,19.6,20.7,,3.6,64.12,32.13,57.49,21
75,NOR,Norway,2020-03-28,3581,425,16,2,660.55,78.395,2.951,0.369,82584.0,4548.0,15.232999999999999,0.8390000000000001,people tested,5421242,14.462,39.7,16.820999999999998,10.812999999999999,64800.057,0.2,114.316,5.31,19.6,20.7,,3.6,61.53,31.12,60.4,22
76,NOR,Norway,2020-03-29,3845,264,20,4,709.247,48.696999999999996,3.6889999999999996,0.738,85136.0,2552.0,15.704,0.47100000000000003,people tested,5421242,14.462,39.7,16.820999999999998,10.812999999999999,64800.057,0.2,114.316,5.31,19.6,20.7,,3.6,58.65,31.04,54.9,23
77,NOR,Norway,2020-03-30,4102,257,22,2,756.653,47.406000000000006,4.058,0.369,87191.0,2055.0,16.083,0.379,people tested,5421242,14.462,39.7,16.820999999999998,10.812999999999999,64800.057,0.2,114.316,5.31,19.6,20.7,,3.6,67.54,33.88,59.73,24
78,NOR,Norway,2020-03-31,4226,124,26,4,779.5260000000001,22.873,4.796,0.738,90248.0,3057.0,16.647000000000002,0.564,people tested,5421242,14.462,39.7,16.820999999999998,10.812999999999999,64800.057,0.2,114.316,5.31,19.6,20.7,,3.6,69.14,34.08,60.81,25
79,NOR,Norway,2020-04-01,4447,221,28,2,820.2919999999999,40.766,5.165,0.369,94265.0,4017.0,17.387999999999998,0.741,people tested,5421242,14.462,39.7,16.820999999999998,10.812999999999999,64800.057,0.2,114.316,5.31,19.6,20.7,,3.6,70.62,33.88,59.26,26
80,NOR,Norway,2020-04-02,4665,218,32,4,860.5039999999999,40.211999999999996,5.903,0.738,98587.0,4322.0,18.185,0.797,people tested,5421242,14.462,39.7,16.820999999999998,10.812999999999999,64800.057,0.2,114.316,5.31,19.6,20.7,,3.6,71.62,31.43,56.5,27
81,NOR,Norway,2020-04-03,4935,270,42,10,910.308,49.803999999999995,7.747000000000001,1.845,101986.0,3399.0,18.812,0.627,people tested,5421242,14.462,39.7,16.820999999999998,10.812999999999999,64800.057,0.2,114.316,5.31,19.6,20.7,,3.6,76.72,31.38,65.04,28
82,NOR,Norway,2020-04-04,5208,273,44,2,960.665,50.357,8.116,0.369,105865.0,3879.0,19.528,0.716,people tested,5421242,14.462,39.7,16.820999999999998,10.812999999999999,64800.057,0.2,114.316,5.31,19.6,20.7,,3.6,64.39,32.64,62.01,29
83,NOR,Norway,2020-04-05,5510,302,50,6,1016.372,55.707,9.222999999999999,1.107,108709.0,2844.0,20.052,0.525,people tested,5421242,14.462,39.7,16.820999999999998,10.812999999999999,64800.057,0.2,114.316,5.31,19.6,20.7,,3.6,63.56,32.94,54.89,30
84,NOR,Norway,2020-04-06,5640,130,58,8,1040.3519999999999,23.98,10.699000000000002,1.476,111299.0,2590.0,20.53,0.478,people tested,5421242,14.462,39.7,16.820999999999998,10.812999999999999,64800.057,0.2,114.316,5.31,19.6,20.7,,3.6,81.79,36.26,74.38,31
85,NOR,Norway,2020-04-07,5755,115,59,1,1061.565,21.213,10.883,0.184,113896.0,2597.0,21.009,0.479,people tested,5421242,14.462,39.7,16.820999999999998,10.812999999999999,64800.057,0.2,114.316,5.31,19.6,20.7,,3.6,82.87,35.07,74.17,32
86,NOR,Norway,2020-04-08,5863,108,69,10,1081.486,19.922,12.728,1.845,118077.0,4181.0,21.78,0.7709999999999999,people tested,5421242,14.462,39.7,16.820999999999998,10.812999999999999,64800.057,0.2,114.316,5.31,19.6,20.7,,3.6,79.99,36.43,64.54,33
87,NOR,Norway,2020-04-09,6010,147,80,11,1108.6019999999999,27.116,14.757,2.029,121034.0,2957.0,22.326,0.545,people tested,5421242,14.462,39.7,16.820999999999998,10.812999999999999,64800.057,0.2,114.316,5.31,19.6,20.7,,3.6,71.7,35.65,67.45,34
88,NOR,Norway,2020-04-10,6160,150,88,8,1136.271,27.669,16.232,1.476,123170.0,2136.0,22.72,0.39399999999999996,people tested,5421242,14.462,39.7,16.820999999999998,10.812999999999999,64800.057,0.2,114.316,5.31,19.6,20.7,,3.6,68.83,36.35,67.97,35
89,NOR,Norway,2020-04-11,6244,84,92,4,1151.766,15.495,16.97,0.738,124279.0,1109.0,22.924,0.205,people tested,5421242,14.462,39.7,16.820999999999998,10.812999999999999,64800.057,0.2,114.316,5.31,19.6,20.7,,3.6,57.14,31.09,44.77,36
90,NOR,Norway,2020-04-12,6320,76,98,6,1165.785,14.019,18.077,1.107,126486.0,2207.0,23.331999999999997,0.40700000000000003,people tested,5421242,14.462,39.7,16.820999999999998,10.812999999999999,64800.057,0.2,114.316,5.31,19.6,20.7,,3.6,65.55,37.23,56.79,37
91,NOR,Norway,2020-04-13,6415,95,103,5,1183.308,17.524,18.999000000000002,0.922,127305.0,819.0,23.483,0.151,people tested,5421242,14.462,39.7,16.820999999999998,10.812999999999999,64800.057,0.2,114.316,5.31,19.6,20.7,,3.6,76.24,41.67,55.46,38
92,NOR,Norway,2020-04-14,6488,73,114,11,1196.774,13.466,21.028000000000002,2.029,128569.0,1264.0,23.715999999999998,0.233,people tested,5421242,14.462,39.7,16.820999999999998,10.812999999999999,64800.057,0.2,114.316,5.31,19.6,20.7,,3.6,76.83,41.23,59.34,39
93,NOR,Norway,2020-04-15,6566,78,127,13,1211.162,14.388,23.426,2.398,130216.0,1647.0,24.02,0.304,people tested,5421242,14.462,39.7,16.820999999999998,10.812999999999999,64800.057,0.2,114.316,5.31,19.6,20.7,,3.6,80.47,45.35,72.18,40
94,NOR,Norway,2020-04-16,6677,111,130,3,1231.637,20.475,23.98,0.5529999999999999,133707.0,3491.0,24.664,0.644,people tested,5421242,14.462,39.7,16.820999999999998,10.812999999999999,64800.057,0.2,114.316,5.31,19.6,20.7,,3.6,81.25,41.48,70.56,41
95,NOR,Norway,2020-04-17,6791,114,136,6,1252.665,21.028000000000002,25.087,1.107,136236.0,2529.0,25.13,0.466,people tested,5421242,14.462,39.7,16.820999999999998,10.812999999999999,64800.057,0.2,114.316,5.31,19.6,20.7,,3.6,87.04,43.72,76.11,42
96,NOR,Norway,2020-04-18,6791,0,136,0,1252.665,0.0,25.087,0.0,139668.0,3432.0,25.763,0.633,people tested,5421242,14.462,39.7,16.820999999999998,10.812999999999999,64800.057,0.2,114.316,5.31,19.6,20.7,,3.6,84.42,42.25,79.97,43
97,NOR,Norway,2020-04-19,6984,193,148,12,1288.266,35.601,27.3,2.214,142166.0,2498.0,26.224,0.461,people tested,5421242,14.462,39.7,16.820999999999998,10.812999999999999,64800.057,0.2,114.316,5.31,19.6,20.7,,3.6,86.32,46.41,80.64,44
98,NOR,Norway,2020-04-20,7068,84,154,6,1303.76,15.495,28.406999999999996,1.107,143255.0,1089.0,26.425,0.201,people tested,5421242,14.462,39.7,16.820999999999998,10.812999999999999,64800.057,0.2,114.316,5.31,19.6,20.7,,3.6,90.86,47.91,83.64,45
99,NOR,Norway,2020-04-21,7113,45,154,0,1312.0610000000001,8.301,28.406999999999996,0.0,145279.0,2024.0,26.798000000000002,0.373,people tested,5421242,14.462,39.7,16.820999999999998,10.812999999999999,64800.057,0.2,114.316,5.31,19.6,20.7,,3.6,91.42,50.36,90.22,46
100,NOR,Norway,2020-04-22,7166,53,163,9,1321.8370000000002,9.776,30.066999999999997,1.66,148656.0,3377.0,27.421,0.623,people tested,5421242,14.462,39.7,16.820999999999998,10.812999999999999,64800.057,0.2,114.316,5.31,19.6,20.7,,3.6,92.76,51.16,86.79,47
101,NOR,Norway,2020-04-23,7250,84,169,6,1337.332,15.495,31.174,1.107,152095.0,3439.0,28.055,0.634,people tested,5421242,14.462,39.7,16.820999999999998,10.812999999999999,64800.057,0.2,114.316,5.31,19.6,20.7,,3.6,95,49.83,84.53,48
102,NOR,Norway,2020-04-24,7345,95,180,11,1354.856,17.524,33.203,2.029,155125.0,3030.0,28.614,0.5589999999999999,people tested,5421242,14.462,39.7,16.820999999999998,10.812999999999999,64800.057,0.2,114.316,5.31,19.6,20.7,,3.6,95.99,47.37,74.38,49
103,NOR,Norway,2020-04-25,7408,63,191,11,1366.477,11.620999999999999,35.232,2.029,,,,,,5421242,14.462,39.7,16.820999999999998,10.812999999999999,64800.057,0.2,114.316,5.31,19.6,20.7,,3.6,86.21,43.94,78.86,50
104,NOR,Norway,2020-04-26,7467,59,193,2,1377.36,10.883,35.601,0.369,,,,,,5421242,14.462,39.7,16.820999999999998,10.812999999999999,64800.057,0.2,114.316,5.31,19.6,20.7,,3.6,93.6,48.34,72.67,51
105,NOR,Norway,2020-04-27,7505,38,193,0,1384.369,7.0089999999999995,35.601,0.0,164316.0,,30.31,,people tested,5421242,14.462,39.7,16.820999999999998,10.812999999999999,64800.057,0.2,114.316,5.31,19.6,20.7,,3.6,89.08,47.27,64.22,52
106,NOR,Norway,2020-04-28,7533,28,193,0,1389.5339999999999,5.165,35.601,0.0,165951.0,1635.0,30.611,0.302,people tested,5421242,14.462,39.7,16.820999999999998,10.812999999999999,64800.057,0.2,114.316,5.31,19.6,20.7,,3.6,92.22,48.01,72.91,53
107,NOR,Norway,2020-04-29,7605,72,195,2,1402.815,13.280999999999999,35.97,0.369,169124.0,3173.0,31.197,0.585,people tested,5421242,14.462,39.7,16.820999999999998,10.812999999999999,64800.057,0.2,114.316,5.31,19.6,20.7,,3.6,97.11,52.31,81.09,54
108,NOR,Norway,2020-04-30,7667,62,202,7,1414.2520000000002,11.436,37.260999999999996,1.291,172586.0,3462.0,31.835,0.639,people tested,5421242,14.462,39.7,16.820999999999998,10.812999999999999,64800.057,0.2,114.316,5.31,19.6,20.7,,3.6,110.62,47.18,74.95,55
109,NOR,Norway,2020-05-01,7710,43,204,2,1422.183,7.932,37.63,0.369,,,,,,5421242,14.462,39.7,16.820999999999998,10.812999999999999,64800.057,0.2,114.316,5.31,19.6,20.7,,3.6,91.74,47.27,72.16,56
110,NOR,Norway,2020-05-02,7759,49,204,0,1431.2220000000002,9.039,37.63,0.0,,,,,,5421242,14.462,39.7,16.820999999999998,10.812999999999999,64800.057,0.2,114.316,5.31,19.6,20.7,,3.6,94.68,48.91,83.82,57
111,NOR,Norway,2020-05-03,7759,0,204,0,1431.2220000000002,0.0,37.63,0.0,,,,,,5421242,14.462,39.7,16.820999999999998,10.812999999999999,64800.057,0.2,114.316,5.31,19.6,20.7,,3.6,105.28,52.53,78.55,58
112,NOR,Norway,2020-05-04,7809,50,208,4,1440.445,9.222999999999999,38.368,0.738,182285.0,,33.624,,people tested,5421242,14.462,39.7,16.820999999999998,10.812999999999999,64800.057,0.2,114.316,5.31,19.6,20.7,,3.6,99.73,57.17,84.29,59
113,NOR,Norway,2020-05-05,7847,38,208,0,1447.454,7.0089999999999995,38.368,0.0,,,,,,5421242,14.462,39.7,16.820999999999998,10.812999999999999,64800.057,0.2,114.316,5.31,19.6,20.7,,3.6,99.67,55.44,86.28,60
114,NOR,Norway,2020-05-06,7903,56,209,1,1457.7839999999999,10.33,38.552,0.184,188236.0,,34.722,,people tested,5421242,14.462,39.7,16.820999999999998,10.812999999999999,64800.057,0.2,114.316,5.31,19.6,20.7,,3.6,101.83,56.87,91.72,61
115,NOR,Norway,2020-05-07,7953,50,209,0,1467.007,9.222999999999999,38.552,0.0,191946.0,3710.0,35.406,0.684,people tested,5421242,14.462,39.7,16.820999999999998,10.812999999999999,64800.057,0.2,114.316,5.31,19.6,20.7,,3.6,103.64,54.87,89.41,62
116,NOR,Norway,2020-05-08,7995,42,209,0,1474.754,7.747000000000001,38.552,0.0,195921.0,3975.0,36.14,0.733,people tested,5421242,14.462,39.7,16.820999999999998,10.812999999999999,64800.057,0.2,114.316,5.31,19.6,20.7,,3.6,110.82,56.98,91.25,63
117,NOR,Norway,2020-05-09,8034,39,213,4,1481.9479999999999,7.194,39.29,0.738,,,,,,5421242,14.462,39.7,16.820999999999998,10.812999999999999,64800.057,0.2,114.316,5.31,19.6,20.7,,3.6,100.09,56.9,95.56,64
