,iso_code,location,date,total_cases,new_cases,total_deaths,new_deaths,total_cases_per_million,new_cases_per_million,total_deaths_per_million,new_deaths_per_million,total_tests,new_tests,total_tests_per_thousand,new_tests_per_thousand,tests_units,population,population_density,median_age,aged_65_older,aged_70_older,gdp_per_capita,extreme_poverty,cvd_death_rate,diabetes_prevalence,female_smokers,male_smokers,handwashing_facilities,hospital_beds_per_100k,driving,transit,walking,days
54,BEL,Belgium,2020-03-07,109,59,0,0,9.405,5.091,0.0,0.0,3601.0,407.0,0.311,0.035,units unclear,11589616,375.564,41.8,18.570999999999998,12.849,42658.575999999994,0.2,114.898,4.29,25.1,31.4,,5.64,129.93,134.85,209.67,1
55,BEL,Belgium,2020-03-08,169,60,0,0,14.582,5.1770000000000005,0.0,0.0,4018.0,417.0,0.34700000000000003,0.036000000000000004,units unclear,11589616,375.564,41.8,18.570999999999998,12.849,42658.575999999994,0.2,114.898,4.29,25.1,31.4,,5.64,107.09,114.29,115.49,2
56,BEL,Belgium,2020-03-09,200,31,0,0,17.257,2.675,0.0,0.0,4537.0,519.0,0.391,0.045,units unclear,11589616,375.564,41.8,18.570999999999998,12.849,42658.575999999994,0.2,114.898,4.29,25.1,31.4,,5.64,108.15,118.1,118.11,3
57,BEL,Belgium,2020-03-10,239,39,0,0,20.622,3.365,0.0,0.0,5232.0,695.0,0.451,0.06,units unclear,11589616,375.564,41.8,18.570999999999998,12.849,42658.575999999994,0.2,114.898,4.29,25.1,31.4,,5.64,105.81,112.37,116.42,4
58,BEL,Belgium,2020-03-11,267,28,0,0,23.038,2.416,0.0,0.0,6167.0,935.0,0.532,0.081,units unclear,11589616,375.564,41.8,18.570999999999998,12.849,42658.575999999994,0.2,114.898,4.29,25.1,31.4,,5.64,105.97,115.74,119.12,5
59,BEL,Belgium,2020-03-12,314,47,3,3,27.093000000000004,4.055,0.259,0.259,7476.0,1309.0,0.645,0.113,units unclear,11589616,375.564,41.8,18.570999999999998,12.849,42658.575999999994,0.2,114.898,4.29,25.1,31.4,,5.64,87.63,91.05,108.4,6
60,BEL,Belgium,2020-03-13,399,85,3,0,34.427,7.334,0.259,0.0,9652.0,2176.0,0.833,0.188,units unclear,11589616,375.564,41.8,18.570999999999998,12.849,42658.575999999994,0.2,114.898,4.29,25.1,31.4,,5.64,81.16,71.94,91.05,7
61,BEL,Belgium,2020-03-14,559,160,3,0,48.233000000000004,13.805,0.259,0.0,11455.0,1803.0,0.988,0.156,units unclear,11589616,375.564,41.8,18.570999999999998,12.849,42658.575999999994,0.2,114.898,4.29,25.1,31.4,,5.64,63.44,52.67,68.37,8
62,BEL,Belgium,2020-03-15,689,130,4,1,59.45,11.217,0.345,0.086,12524.0,1069.0,1.081,0.092,units unclear,11589616,375.564,41.8,18.570999999999998,12.849,42658.575999999994,0.2,114.898,4.29,25.1,31.4,,5.64,56.86,46.28,59.68,9
63,BEL,Belgium,2020-03-16,886,197,4,0,76.44800000000001,16.998,0.345,0.0,14030.0,1506.0,1.2109999999999999,0.13,units unclear,11589616,375.564,41.8,18.570999999999998,12.849,42658.575999999994,0.2,114.898,4.29,25.1,31.4,,5.64,60.42,44.63,55.93,10
64,BEL,Belgium,2020-03-17,1085,199,5,1,93.618,17.171,0.431,0.086,15874.0,1844.0,1.37,0.159,units unclear,11589616,375.564,41.8,18.570999999999998,12.849,42658.575999999994,0.2,114.898,4.29,25.1,31.4,,5.64,56.34,37.76,55.2,11
65,BEL,Belgium,2020-03-18,1243,158,5,0,107.251,13.633,0.431,0.0,18037.0,2163.0,1.556,0.187,units unclear,11589616,375.564,41.8,18.570999999999998,12.849,42658.575999999994,0.2,114.898,4.29,25.1,31.4,,5.64,44.1,27.77,49.46,12
66,BEL,Belgium,2020-03-19,1486,243,14,9,128.218,20.967,1.208,0.777,20640.0,2603.0,1.781,0.225,units unclear,11589616,375.564,41.8,18.570999999999998,12.849,42658.575999999994,0.2,114.898,4.29,25.1,31.4,,5.64,38.45,23,41.63,13
67,BEL,Belgium,2020-03-20,1795,309,21,7,154.88,26.662,1.8119999999999998,0.604,23176.0,2536.0,2.0,0.21899999999999997,units unclear,11589616,375.564,41.8,18.570999999999998,12.849,42658.575999999994,0.2,114.898,4.29,25.1,31.4,,5.64,36.98,21.03,35.99,14
68,BEL,Belgium,2020-03-21,2257,462,37,16,194.743,39.863,3.193,1.381,24985.0,1809.0,2.156,0.156,units unclear,11589616,375.564,41.8,18.570999999999998,12.849,42658.575999999994,0.2,114.898,4.29,25.1,31.4,,5.64,32.06,21.05,47.51,15
69,BEL,Belgium,2020-03-22,2815,558,67,30,242.89,48.147,5.781000000000001,2.589,26092.0,1107.0,2.251,0.096,units unclear,11589616,375.564,41.8,18.570999999999998,12.849,42658.575999999994,0.2,114.898,4.29,25.1,31.4,,5.64,32.36,21.57,53.95,16
70,BEL,Belgium,2020-03-23,3401,586,75,8,293.452,50.563,6.471,0.69,28599.0,2507.0,2.468,0.21600000000000003,units unclear,11589616,375.564,41.8,18.570999999999998,12.849,42658.575999999994,0.2,114.898,4.29,25.1,31.4,,5.64,36.3,22.47,44.24,17
71,BEL,Belgium,2020-03-24,3743,342,88,13,322.962,29.509,7.593,1.122,31650.0,3051.0,2.7310000000000003,0.263,units unclear,11589616,375.564,41.8,18.570999999999998,12.849,42658.575999999994,0.2,114.898,4.29,25.1,31.4,,5.64,38.73,22.29,46.66,18
72,BEL,Belgium,2020-03-25,4269,526,122,34,368.347,45.385,10.527000000000001,2.9339999999999997,35011.0,3361.0,3.0210000000000004,0.29,units unclear,11589616,375.564,41.8,18.570999999999998,12.849,42658.575999999994,0.2,114.898,4.29,25.1,31.4,,5.64,38.62,21.31,48.17,19
73,BEL,Belgium,2020-03-26,4937,668,178,56,425.985,57.638000000000005,15.359000000000002,4.832,38231.0,3220.0,3.299,0.278,units unclear,11589616,375.564,41.8,18.570999999999998,12.849,42658.575999999994,0.2,114.898,4.29,25.1,31.4,,5.64,39.03,21.7,48.13,20
74,BEL,Belgium,2020-03-27,6235,1298,220,42,537.982,111.99700000000001,18.983,3.6239999999999997,42023.0,3792.0,3.6260000000000003,0.327,units unclear,11589616,375.564,41.8,18.570999999999998,12.849,42658.575999999994,0.2,114.898,4.29,25.1,31.4,,5.64,40.38,22.19,51.28,21
75,BEL,Belgium,2020-03-28,7284,1049,289,69,628.494,90.512,24.936,5.954,45018.0,2995.0,3.884,0.258,units unclear,11589616,375.564,41.8,18.570999999999998,12.849,42658.575999999994,0.2,114.898,4.29,25.1,31.4,,5.64,35.25,21.64,56.67,22
76,BEL,Belgium,2020-03-29,9134,1850,353,64,788.1189999999999,159.626,30.458000000000002,5.522,46901.0,1883.0,4.047,0.162,units unclear,11589616,375.564,41.8,18.570999999999998,12.849,42658.575999999994,0.2,114.898,4.29,25.1,31.4,,5.64,29.76,18.76,34.5,23
77,BEL,Belgium,2020-03-30,10836,1702,431,78,934.975,146.856,37.188,6.73,50012.0,3111.0,4.315,0.268,units unclear,11589616,375.564,41.8,18.570999999999998,12.849,42658.575999999994,0.2,114.898,4.29,25.1,31.4,,5.64,37.08,21.45,39.4,24
78,BEL,Belgium,2020-03-31,11899,1063,513,82,1026.695,91.72,44.263999999999996,7.075,54818.0,4806.0,4.73,0.415,units unclear,11589616,375.564,41.8,18.570999999999998,12.849,42658.575999999994,0.2,114.898,4.29,25.1,31.4,,5.64,39,21.28,45.78,25
79,BEL,Belgium,2020-04-01,12775,876,705,192,1102.28,75.585,60.83,16.567,59063.0,4245.0,5.096,0.366,units unclear,11589616,375.564,41.8,18.570999999999998,12.849,42658.575999999994,0.2,114.898,4.29,25.1,31.4,,5.64,40.52,20.24,47.55,26
80,BEL,Belgium,2020-04-02,13964,1189,828,123,1204.872,102.59200000000001,71.443,10.613,63444.0,4381.0,5.474,0.37799999999999995,units unclear,11589616,375.564,41.8,18.570999999999998,12.849,42658.575999999994,0.2,114.898,4.29,25.1,31.4,,5.64,39.51,19.84,41.01,27
81,BEL,Belgium,2020-04-03,15348,1384,1011,183,1324.289,119.417,87.23299999999999,15.79,68096.0,4652.0,5.876,0.401,units unclear,11589616,375.564,41.8,18.570999999999998,12.849,42658.575999999994,0.2,114.898,4.29,25.1,31.4,,5.64,41.05,21.43,46.98,28
82,BEL,Belgium,2020-04-04,16770,1422,1143,132,1446.985,122.696,98.62299999999999,11.39,71966.0,3870.0,6.21,0.33399999999999996,units unclear,11589616,375.564,41.8,18.570999999999998,12.849,42658.575999999994,0.2,114.898,4.29,25.1,31.4,,5.64,38.02,23.19,62.98,29
83,BEL,Belgium,2020-04-05,18431,1661,1283,140,1590.3029999999999,143.31799999999998,110.70299999999999,12.08,74320.0,2354.0,6.412999999999999,0.203,units unclear,11589616,375.564,41.8,18.570999999999998,12.849,42658.575999999994,0.2,114.898,4.29,25.1,31.4,,5.64,38.44,25.02,71.96,30
84,BEL,Belgium,2020-04-06,19691,1260,1447,164,1699.021,108.71799999999999,124.853,14.151,78265.0,3945.0,6.752999999999999,0.34,units unclear,11589616,375.564,41.8,18.570999999999998,12.849,42658.575999999994,0.2,114.898,4.29,25.1,31.4,,5.64,43.29,23.97,53.38,31
85,BEL,Belgium,2020-04-07,20814,1123,1632,185,1795.918,96.897,140.816,15.963,83489.0,5224.0,7.204,0.451,units unclear,11589616,375.564,41.8,18.570999999999998,12.849,42658.575999999994,0.2,114.898,4.29,25.1,31.4,,5.64,46.58,25.85,64.11,32
86,BEL,Belgium,2020-04-08,22194,1380,2035,403,1914.99,119.072,175.588,34.773,88741.0,5252.0,7.657,0.45299999999999996,units unclear,11589616,375.564,41.8,18.570999999999998,12.849,42658.575999999994,0.2,114.898,4.29,25.1,31.4,,5.64,48.56,26.39,66.82,33
87,BEL,Belgium,2020-04-09,23403,1209,2240,205,2019.308,104.318,193.27599999999998,17.688,94058.0,5317.0,8.116,0.45899999999999996,units unclear,11589616,375.564,41.8,18.570999999999998,12.849,42658.575999999994,0.2,114.898,4.29,25.1,31.4,,5.64,49.18,26.7,66.84,34
88,BEL,Belgium,2020-04-10,24983,1580,2523,283,2155.637,136.329,217.695,24.418000000000003,99869.0,5811.0,8.617,0.501,units unclear,11589616,375.564,41.8,18.570999999999998,12.849,42658.575999999994,0.2,114.898,4.29,25.1,31.4,,5.64,51.57,26.55,73.06,35
89,BEL,Belgium,2020-04-11,26667,1684,3019,496,2300.939,145.30200000000002,260.492,42.797,105849.0,5980.0,9.133,0.516,units unclear,11589616,375.564,41.8,18.570999999999998,12.849,42658.575999999994,0.2,114.898,4.29,25.1,31.4,,5.64,47.49,27.17,87.01,36
90,BEL,Belgium,2020-04-12,28018,1351,3346,327,2417.509,116.57,288.707,28.215,111484.0,5635.0,9.619,0.486,units unclear,11589616,375.564,41.8,18.570999999999998,12.849,42658.575999999994,0.2,114.898,4.29,25.1,31.4,,5.64,37.88,26.24,73.26,37
91,BEL,Belgium,2020-04-13,29647,1629,3600,254,2558.0660000000003,140.55700000000002,310.623,21.916,116739.0,5255.0,10.073,0.45299999999999996,units unclear,11589616,375.564,41.8,18.570999999999998,12.849,42658.575999999994,0.2,114.898,4.29,25.1,31.4,,5.64,37.2,23.95,51.46,38
92,BEL,Belgium,2020-04-14,30589,942,3903,303,2639.345,81.28,336.767,26.144000000000002,122466.0,5727.0,10.567,0.494,units unclear,11589616,375.564,41.8,18.570999999999998,12.849,42658.575999999994,0.2,114.898,4.29,25.1,31.4,,5.64,46.52,26.06,53.49,39
93,BEL,Belgium,2020-04-15,31119,530,4157,254,2685.0759999999996,45.731,358.68300000000005,21.916,129772.0,7306.0,11.197000000000001,0.63,units unclear,11589616,375.564,41.8,18.570999999999998,12.849,42658.575999999994,0.2,114.898,4.29,25.1,31.4,,5.64,49.42,27.54,65.45,40
94,BEL,Belgium,2020-04-16,33573,2454,4440,283,2896.817,211.74099999999999,383.102,24.418000000000003,136864.0,7092.0,11.809000000000001,0.612,units unclear,11589616,375.564,41.8,18.570999999999998,12.849,42658.575999999994,0.2,114.898,4.29,25.1,31.4,,5.64,51.74,26.97,70.6,41
95,BEL,Belgium,2020-04-17,34809,1236,4857,417,3003.4640000000004,106.647,419.082,35.98,145036.0,8172.0,12.514000000000001,0.705,units unclear,11589616,375.564,41.8,18.570999999999998,12.849,42658.575999999994,0.2,114.898,4.29,25.1,31.4,,5.64,50.94,26.15,68.34,42
96,BEL,Belgium,2020-04-18,36138,1329,5163,306,3118.136,114.67200000000001,445.485,26.403000000000002,153133.0,8097.0,13.213,0.6990000000000001,units unclear,11589616,375.564,41.8,18.570999999999998,12.849,42658.575999999994,0.2,114.898,4.29,25.1,31.4,,5.64,41.76,22.72,53.51,43
97,BEL,Belgium,2020-04-19,37183,1045,5453,290,3208.303,90.167,470.50699999999995,25.022,158882.0,5749.0,13.709000000000001,0.496,units unclear,11589616,375.564,41.8,18.570999999999998,12.849,42658.575999999994,0.2,114.898,4.29,25.1,31.4,,5.64,44.35,26.48,72.05,44
98,BEL,Belgium,2020-04-20,38496,1313,5683,230,3321.594,113.291,490.353,19.845,167871.0,8989.0,14.485,0.7759999999999999,units unclear,11589616,375.564,41.8,18.570999999999998,12.849,42658.575999999994,0.2,114.898,4.29,25.1,31.4,,5.64,50.04,26.57,59.11,45
99,BEL,Belgium,2020-04-21,39983,1487,5828,145,3449.8990000000003,128.305,502.86400000000003,12.511,175287.0,7416.0,15.124,0.64,units unclear,11589616,375.564,41.8,18.570999999999998,12.849,42658.575999999994,0.2,114.898,4.29,25.1,31.4,,5.64,51.51,26.91,61.02,46
100,BEL,Belgium,2020-04-22,40956,973,5998,170,3533.853,83.954,517.5319999999999,14.668,187893.0,12606.0,16.212,1.088,units unclear,11589616,375.564,41.8,18.570999999999998,12.849,42658.575999999994,0.2,114.898,4.29,25.1,31.4,,5.64,54.36,27.99,66.65,47
101,BEL,Belgium,2020-04-23,41889,933,6262,264,3614.3559999999998,80.503,540.311,22.779,201917.0,14024.0,17.422,1.21,units unclear,11589616,375.564,41.8,18.570999999999998,12.849,42658.575999999994,0.2,114.898,4.29,25.1,31.4,,5.64,54.25,27.93,67.61,48
102,BEL,Belgium,2020-04-24,42797,908,6490,228,3692.702,78.346,559.984,19.673,217527.0,15610.0,18.769000000000002,1.347,units unclear,11589616,375.564,41.8,18.570999999999998,12.849,42658.575999999994,0.2,114.898,4.29,25.1,31.4,,5.64,52.29,26.32,65.62,49
103,BEL,Belgium,2020-04-25,44293,1496,6679,189,3821.783,129.08100000000002,576.2919999999999,16.308,232103.0,14576.0,20.027,1.258,units unclear,11589616,375.564,41.8,18.570999999999998,12.849,42658.575999999994,0.2,114.898,4.29,25.1,31.4,,5.64,49.02,28.81,76.05,50
104,BEL,Belgium,2020-04-26,45325,1032,6917,238,3910.828,89.045,596.827,20.535999999999998,244141.0,12038.0,21.065,1.0390000000000001,units unclear,11589616,375.564,41.8,18.570999999999998,12.849,42658.575999999994,0.2,114.898,4.29,25.1,31.4,,5.64,49.02,29.93,83.69,51
105,BEL,Belgium,2020-04-27,46134,809,7094,177,3980.632,69.804,612.1,15.272,258921.0,14780.0,22.340999999999998,1.275,units unclear,11589616,375.564,41.8,18.570999999999998,12.849,42658.575999999994,0.2,114.898,4.29,25.1,31.4,,5.64,52.77,28.2,60.73,52
106,BEL,Belgium,2020-04-28,46687,553,7207,113,4028.347,47.715,621.85,9.75,275748.0,16827.0,23.793000000000003,1.452,units unclear,11589616,375.564,41.8,18.570999999999998,12.849,42658.575999999994,0.2,114.898,4.29,25.1,31.4,,5.64,51.69,25.95,42.77,53
107,BEL,Belgium,2020-04-29,47334,647,7331,124,4084.173,55.826,632.549,10.699000000000002,295619.0,19871.0,25.506999999999998,1.715,units unclear,11589616,375.564,41.8,18.570999999999998,12.849,42658.575999999994,0.2,114.898,4.29,25.1,31.4,,5.64,54.59,26.25,50.36,54
108,BEL,Belgium,2020-04-30,47859,525,7501,170,4129.472,45.299,647.217,14.668,317176.0,21557.0,27.366999999999997,1.86,units unclear,11589616,375.564,41.8,18.570999999999998,12.849,42658.575999999994,0.2,114.898,4.29,25.1,31.4,,5.64,54.06,28.09,51.45,55
109,BEL,Belgium,2020-05-01,48519,660,7594,93,4186.42,56.948,655.242,8.024,338774.0,21598.0,29.230999999999998,1.864,units unclear,11589616,375.564,41.8,18.570999999999998,12.849,42658.575999999994,0.2,114.898,4.29,25.1,31.4,,5.64,48.03,27.73,51.8,56
110,BEL,Belgium,2020-05-02,49032,513,7703,109,4230.684,44.263999999999996,664.6469999999999,9.405,353815.0,15041.0,30.529,1.298,units unclear,11589616,375.564,41.8,18.570999999999998,12.849,42658.575999999994,0.2,114.898,4.29,25.1,31.4,,5.64,50.82,27.1,60.18,57
111,BEL,Belgium,2020-05-03,49517,485,7765,62,4272.532,41.848,669.9960000000001,5.35,366018.0,12203.0,31.581999999999997,1.053,units unclear,11589616,375.564,41.8,18.570999999999998,12.849,42658.575999999994,0.2,114.898,4.29,25.1,31.4,,5.64,54.76,33.19,74.43,58
112,BEL,Belgium,2020-05-04,49906,389,7844,79,4306.096,33.565,676.813,6.816,386890.0,20872.0,33.382,1.801,units unclear,11589616,375.564,41.8,18.570999999999998,12.849,42658.575999999994,0.2,114.898,4.29,25.1,31.4,,5.64,61.76,32.5,61.5,59
113,BEL,Belgium,2020-05-05,50267,361,7924,80,4337.245,31.149,683.715,6.903,404853.0,17963.0,34.931999999999995,1.55,units unclear,11589616,375.564,41.8,18.570999999999998,12.849,42658.575999999994,0.2,114.898,4.29,25.1,31.4,,5.64,64.06,32.93,64.98,60
114,BEL,Belgium,2020-05-06,50509,242,8016,92,4358.125,20.881,691.654,7.938,422134.0,17281.0,36.423,1.4909999999999999,units unclear,11589616,375.564,41.8,18.570999999999998,12.849,42658.575999999994,0.2,114.898,4.29,25.1,31.4,,5.64,66.62,35.82,71.65,61
115,BEL,Belgium,2020-05-07,50781,272,8339,323,4381.595,23.469,719.523,27.87,439992.0,17858.0,37.964,1.541,units unclear,11589616,375.564,41.8,18.570999999999998,12.849,42658.575999999994,0.2,114.898,4.29,25.1,31.4,,5.64,68.02,36.1,73.34,62
116,BEL,Belgium,2020-05-08,51420,639,8415,76,4436.73,55.136,726.081,6.558,461303.0,21311.0,39.803000000000004,1.839,units unclear,11589616,375.564,41.8,18.570999999999998,12.849,42658.575999999994,0.2,114.898,4.29,25.1,31.4,,5.64,70.58,35.53,76.81,63
117,BEL,Belgium,2020-05-09,52011,591,8521,106,4487.724,50.994,735.227,9.146,,,,,,11589616,375.564,41.8,18.570999999999998,12.849,42658.575999999994,0.2,114.898,4.29,25.1,31.4,,5.64,71.02,35.21,92.44,64
