,iso_code,location,date,total_cases,new_cases,total_deaths,new_deaths,total_cases_per_million,new_cases_per_million,total_deaths_per_million,new_deaths_per_million,total_tests,new_tests,total_tests_per_thousand,new_tests_per_thousand,tests_units,population,population_density,median_age,aged_65_older,aged_70_older,gdp_per_capita,extreme_poverty,cvd_death_rate,diabetes_prevalence,female_smokers,male_smokers,handwashing_facilities,hospital_beds_per_100k,driving,transit,walking,days
62,BRA,Brazil,2020-03-15,121,23,0,0,0.569,0.10800000000000001,0.0,0.0,,,,,,212559409,25.04,33.5,8.552,5.06,14103.452,3.4,177.96099999999998,8.11,10.1,17.9,,2.2,71.69,54.78,58.05,1
63,BRA,Brazil,2020-03-16,200,79,0,0,0.941,0.37200000000000005,0.0,0.0,,,,,,212559409,25.04,33.5,8.552,5.06,14103.452,3.4,177.96099999999998,8.11,10.1,17.9,,2.2,70.59,71.52,76.8,2
64,BRA,Brazil,2020-03-17,234,34,0,0,1.101,0.16,0.0,0.0,,,,,,212559409,25.04,33.5,8.552,5.06,14103.452,3.4,177.96099999999998,8.11,10.1,17.9,,2.2,64.88,57.15,65.54,3
65,BRA,Brazil,2020-03-18,291,57,1,1,1.369,0.268,0.005,0.005,,,,,,212559409,25.04,33.5,8.552,5.06,14103.452,3.4,177.96099999999998,8.11,10.1,17.9,,2.2,58.47,45.94,54.89,4
66,BRA,Brazil,2020-03-19,428,137,4,3,2.0140000000000002,0.645,0.019,0.013999999999999999,,,,,,212559409,25.04,33.5,8.552,5.06,14103.452,3.4,177.96099999999998,8.11,10.1,17.9,,2.2,52.15,36.65,45.14,5
67,BRA,Brazil,2020-03-20,621,193,6,2,2.9219999999999997,0.9079999999999999,0.027999999999999997,0.009000000000000001,,,,,,212559409,25.04,33.5,8.552,5.06,14103.452,3.4,177.96099999999998,8.11,10.1,17.9,,2.2,51.7,29.95,40.48,6
68,BRA,Brazil,2020-03-21,904,283,11,5,4.253,1.331,0.052000000000000005,0.024,,,,,,212559409,25.04,33.5,8.552,5.06,14103.452,3.4,177.96099999999998,8.11,10.1,17.9,,2.2,39.66,19.51,29.89,7
69,BRA,Brazil,2020-03-22,1128,224,18,7,5.307,1.054,0.085,0.033,,,,,,212559409,25.04,33.5,8.552,5.06,14103.452,3.4,177.96099999999998,8.11,10.1,17.9,,2.2,27.58,17.04,20.98,8
70,BRA,Brazil,2020-03-23,1546,418,25,7,7.273,1.9669999999999999,0.11800000000000001,0.033,,,,,,212559409,25.04,33.5,8.552,5.06,14103.452,3.4,177.96099999999998,8.11,10.1,17.9,,2.2,34.89,20.74,27.37,9
71,BRA,Brazil,2020-03-24,1891,345,34,9,8.896,1.6230000000000002,0.16,0.042,,,,,,212559409,25.04,33.5,8.552,5.06,14103.452,3.4,177.96099999999998,8.11,10.1,17.9,,2.2,34.84,18.78,27.11,10
72,BRA,Brazil,2020-03-25,2201,310,46,12,10.355,1.4580000000000002,0.21600000000000003,0.055999999999999994,,,,,,212559409,25.04,33.5,8.552,5.06,14103.452,3.4,177.96099999999998,8.11,10.1,17.9,,2.2,35.26,19.11,27.96,11
73,BRA,Brazil,2020-03-26,2433,232,57,11,11.446,1.091,0.268,0.052000000000000005,,,,,,212559409,25.04,33.5,8.552,5.06,14103.452,3.4,177.96099999999998,8.11,10.1,17.9,,2.2,37.57,20.33,28.91,12
74,BRA,Brazil,2020-03-27,2915,482,77,20,13.714,2.2680000000000002,0.36200000000000004,0.094,,,,,,212559409,25.04,33.5,8.552,5.06,14103.452,3.4,177.96099999999998,8.11,10.1,17.9,,2.2,42.94,21.26,32.21,13
75,BRA,Brazil,2020-03-28,3417,502,92,15,16.076,2.362,0.433,0.071,,,,,,212559409,25.04,33.5,8.552,5.06,14103.452,3.4,177.96099999999998,8.11,10.1,17.9,,2.2,41.63,18.17,31.1,14
76,BRA,Brazil,2020-03-29,3904,487,114,22,18.367,2.291,0.536,0.10400000000000001,,,,,,212559409,25.04,33.5,8.552,5.06,14103.452,3.4,177.96099999999998,8.11,10.1,17.9,,2.2,30.76,16.61,22.26,15
77,BRA,Brazil,2020-03-30,4256,352,136,22,20.023,1.656,0.64,0.10400000000000001,,,,,,212559409,25.04,33.5,8.552,5.06,14103.452,3.4,177.96099999999998,8.11,10.1,17.9,,2.2,40.12,22.27,31.21,16
78,BRA,Brazil,2020-03-31,4579,323,159,23,21.541999999999998,1.52,0.748,0.10800000000000001,,,,,,212559409,25.04,33.5,8.552,5.06,14103.452,3.4,177.96099999999998,8.11,10.1,17.9,,2.2,41.85,22.91,33.58,17
79,BRA,Brazil,2020-04-01,5717,1138,201,42,26.896,5.354,0.946,0.198,,,,,,212559409,25.04,33.5,8.552,5.06,14103.452,3.4,177.96099999999998,8.11,10.1,17.9,,2.2,44.28,23.23,35.29,18
80,BRA,Brazil,2020-04-02,6836,1119,241,40,32.16,5.263999999999999,1.1340000000000001,0.188,,,,,,212559409,25.04,33.5,8.552,5.06,14103.452,3.4,177.96099999999998,8.11,10.1,17.9,,2.2,45.51,21.81,35.66,19
81,BRA,Brazil,2020-04-03,7910,1074,299,58,37.213,5.053,1.4069999999999998,0.273,,,,,,212559409,25.04,33.5,8.552,5.06,14103.452,3.4,177.96099999999998,8.11,10.1,17.9,,2.2,50.52,21.89,38.21,20
82,BRA,Brazil,2020-04-04,9056,1146,359,60,42.605,5.391,1.689,0.282,,,,,,212559409,25.04,33.5,8.552,5.06,14103.452,3.4,177.96099999999998,8.11,10.1,17.9,,2.2,50.88,19.08,36.27,21
83,BRA,Brazil,2020-04-05,10278,1222,432,73,48.354,5.749,2.032,0.34299999999999997,,,,,,212559409,25.04,33.5,8.552,5.06,14103.452,3.4,177.96099999999998,8.11,10.1,17.9,,2.2,35.1,17.13,25.8,22
84,BRA,Brazil,2020-04-06,11130,852,486,54,52.361999999999995,4.008,2.286,0.254,,,,,,212559409,25.04,33.5,8.552,5.06,14103.452,3.4,177.96099999999998,8.11,10.1,17.9,,2.2,45.53,24.12,36.09,23
85,BRA,Brazil,2020-04-07,12056,926,553,67,56.718,4.356,2.602,0.315,62985.0,,0.29600000000000004,,tests performed,212559409,25.04,33.5,8.552,5.06,14103.452,3.4,177.96099999999998,8.11,10.1,17.9,,2.2,48.59,23.47,38.32,24
86,BRA,Brazil,2020-04-08,13717,1661,667,114,64.533,7.814,3.138,0.536,,,,,,212559409,25.04,33.5,8.552,5.06,14103.452,3.4,177.96099999999998,8.11,10.1,17.9,,2.2,51.93,23.39,40.39,25
87,BRA,Brazil,2020-04-09,15927,2210,800,133,74.93,10.397,3.764,0.626,,,,,,212559409,25.04,33.5,8.552,5.06,14103.452,3.4,177.96099999999998,8.11,10.1,17.9,,2.2,58.89,23.16,45.27,26
88,BRA,Brazil,2020-04-10,17857,1930,941,141,84.009,9.08,4.427,0.6629999999999999,,,,,,212559409,25.04,33.5,8.552,5.06,14103.452,3.4,177.96099999999998,8.11,10.1,17.9,,2.2,44.88,18.19,32.17,27
89,BRA,Brazil,2020-04-11,19638,1781,1056,115,92.38799999999999,8.379,4.968,0.541,,,,,,212559409,25.04,33.5,8.552,5.06,14103.452,3.4,177.96099999999998,8.11,10.1,17.9,,2.2,58.22,19.19,42.94,28
90,BRA,Brazil,2020-04-12,20727,1089,1124,68,97.512,5.122999999999999,5.287999999999999,0.32,,,,,,212559409,25.04,33.5,8.552,5.06,14103.452,3.4,177.96099999999998,8.11,10.1,17.9,,2.2,36.49,15.71,25.18,29
91,BRA,Brazil,2020-04-13,22169,1442,1223,99,104.296,6.784,5.754,0.466,,,,,,212559409,25.04,33.5,8.552,5.06,14103.452,3.4,177.96099999999998,8.11,10.1,17.9,,2.2,46.79,24.36,37.69,30
92,BRA,Brazil,2020-04-14,23430,1261,1328,105,110.228,5.932,6.247999999999999,0.494,,,,,,212559409,25.04,33.5,8.552,5.06,14103.452,3.4,177.96099999999998,8.11,10.1,17.9,,2.2,47.91,23.03,37.98,31
93,BRA,Brazil,2020-04-15,25262,1832,1532,204,118.84700000000001,8.619,7.207000000000001,0.96,,,,,,212559409,25.04,33.5,8.552,5.06,14103.452,3.4,177.96099999999998,8.11,10.1,17.9,,2.2,49.89,23.5,39.29,32
94,BRA,Brazil,2020-04-16,28320,3058,1736,204,133.233,14.387,8.167,0.96,,,,,,212559409,25.04,33.5,8.552,5.06,14103.452,3.4,177.96099999999998,8.11,10.1,17.9,,2.2,50.47,23.4,39.36,33
95,BRA,Brazil,2020-04-17,30425,2105,1924,188,143.136,9.902999999999999,9.052,0.884,,,,,,212559409,25.04,33.5,8.552,5.06,14103.452,3.4,177.96099999999998,8.11,10.1,17.9,,2.2,56.91,22.2,42.1,34
96,BRA,Brazil,2020-04-18,33682,3257,2141,217,158.459,15.323,10.072000000000001,1.021,,,,,,212559409,25.04,33.5,8.552,5.06,14103.452,3.4,177.96099999999998,8.11,10.1,17.9,,2.2,56.26,19.51,39.17,35
97,BRA,Brazil,2020-04-19,36599,2917,2347,206,172.18200000000002,13.722999999999999,11.042,0.9690000000000001,,,,,,212559409,25.04,33.5,8.552,5.06,14103.452,3.4,177.96099999999998,8.11,10.1,17.9,,2.2,38.14,17,26.98,36
98,BRA,Brazil,2020-04-20,38654,2055,2462,115,181.85,9.668,11.583,0.541,132467.0,,0.623,,tests performed,212559409,25.04,33.5,8.552,5.06,14103.452,3.4,177.96099999999998,8.11,10.1,17.9,,2.2,51.62,22.93,39.71,37
99,BRA,Brazil,2020-04-21,40581,1927,2575,113,190.916,9.066,12.114,0.532,,,,,,212559409,25.04,33.5,8.552,5.06,14103.452,3.4,177.96099999999998,8.11,10.1,17.9,,2.2,45.15,19.84,32.11,38
100,BRA,Brazil,2020-04-22,43079,2498,2741,166,202.668,11.752,12.895,0.7809999999999999,,,,,,212559409,25.04,33.5,8.552,5.06,14103.452,3.4,177.96099999999998,8.11,10.1,17.9,,2.2,53.67,25.37,43.53,39
101,BRA,Brazil,2020-04-23,45757,2678,2906,165,215.267,12.599,13.671,0.7759999999999999,,,,,,212559409,25.04,33.5,8.552,5.06,14103.452,3.4,177.96099999999998,8.11,10.1,17.9,,2.2,55.04,24.45,44,40
102,BRA,Brazil,2020-04-24,49492,3735,3313,407,232.838,17.572,15.585999999999999,1.915,,,,,,212559409,25.04,33.5,8.552,5.06,14103.452,3.4,177.96099999999998,8.11,10.1,17.9,,2.2,59.39,24.37,45,41
103,BRA,Brazil,2020-04-25,52995,3503,3670,357,249.31900000000002,16.48,17.266,1.68,,,,,,212559409,25.04,33.5,8.552,5.06,14103.452,3.4,177.96099999999998,8.11,10.1,17.9,,2.2,59.43,21.21,42.06,42
104,BRA,Brazil,2020-04-26,58509,5514,4016,346,275.26,25.941,18.894000000000002,1.6280000000000001,,,,,,212559409,25.04,33.5,8.552,5.06,14103.452,3.4,177.96099999999998,8.11,10.1,17.9,,2.2,40.2,18.21,27.92,43
105,BRA,Brazil,2020-04-27,61888,3379,4205,189,291.156,15.897,19.783,0.889,,,,,,212559409,25.04,33.5,8.552,5.06,14103.452,3.4,177.96099999999998,8.11,10.1,17.9,,2.2,51.35,25.24,40.94,44
106,BRA,Brazil,2020-04-28,66501,4613,4543,338,312.858,21.701999999999998,21.373,1.59,,,,,,212559409,25.04,33.5,8.552,5.06,14103.452,3.4,177.96099999999998,8.11,10.1,17.9,,2.2,54.57,25.3,43.22,45
107,BRA,Brazil,2020-04-29,71886,5385,5017,474,338.19300000000004,25.334,23.603,2.23,,,,,,212559409,25.04,33.5,8.552,5.06,14103.452,3.4,177.96099999999998,8.11,10.1,17.9,,2.2,56.02,25.43,44.22,46
108,BRA,Brazil,2020-04-30,78162,6276,5466,449,367.718,29.526,25.715,2.112,,,,,,212559409,25.04,33.5,8.552,5.06,14103.452,3.4,177.96099999999998,8.11,10.1,17.9,,2.2,64.63,24.75,48.58,47
109,BRA,Brazil,2020-05-01,85380,7218,5901,435,401.676,33.958,27.761999999999997,2.046,,,,,,212559409,25.04,33.5,8.552,5.06,14103.452,3.4,177.96099999999998,8.11,10.1,17.9,,2.2,55.37,19.59,37.63,48
110,BRA,Brazil,2020-05-02,91589,6209,6329,428,430.88699999999994,29.211,29.775,2.0140000000000002,,,,,,212559409,25.04,33.5,8.552,5.06,14103.452,3.4,177.96099999999998,8.11,10.1,17.9,,2.2,58.58,20.12,40.89,49
111,BRA,Brazil,2020-05-03,96559,4970,6750,421,454.26800000000003,23.381999999999998,31.756,1.9809999999999999,,,,,,212559409,25.04,33.5,8.552,5.06,14103.452,3.4,177.96099999999998,8.11,10.1,17.9,,2.2,42.66,18.01,28.94,50
112,BRA,Brazil,2020-05-04,101147,4588,7025,275,475.853,21.585,33.05,1.294,,,,,,212559409,25.04,33.5,8.552,5.06,14103.452,3.4,177.96099999999998,8.11,10.1,17.9,,2.2,55.5,26.74,44.27,51
113,BRA,Brazil,2020-05-05,107780,6633,7321,296,507.05800000000005,31.205,34.442,1.393,,,,,,212559409,25.04,33.5,8.552,5.06,14103.452,3.4,177.96099999999998,8.11,10.1,17.9,,2.2,59.15,27.68,47.54,52
114,BRA,Brazil,2020-05-06,114715,6935,7921,600,539.684,32.626,37.265,2.823,,,,,,212559409,25.04,33.5,8.552,5.06,14103.452,3.4,177.96099999999998,8.11,10.1,17.9,,2.2,61.8,26.87,48.29,53
115,BRA,Brazil,2020-05-07,125218,10503,8536,615,589.096,49.412,40.158,2.8930000000000002,,,,,,212559409,25.04,33.5,8.552,5.06,14103.452,3.4,177.96099999999998,8.11,10.1,17.9,,2.2,60.7,25.08,46.56,54
116,BRA,Brazil,2020-05-08,135106,9888,9146,610,635.615,46.519,43.028,2.87,,,,,,212559409,25.04,33.5,8.552,5.06,14103.452,3.4,177.96099999999998,8.11,10.1,17.9,,2.2,70.72,24.67,53.45,55
117,BRA,Brazil,2020-05-09,145328,10222,9897,751,683.705,48.09,46.56100000000001,3.533,,,,,,212559409,25.04,33.5,8.552,5.06,14103.452,3.4,177.96099999999998,8.11,10.1,17.9,,2.2,73.36,21.61,53.02,56
