,iso_code,location,date,total_cases,new_cases,total_deaths,new_deaths,total_cases_per_million,new_cases_per_million,total_deaths_per_million,new_deaths_per_million,total_tests,new_tests,total_tests_per_thousand,new_tests_per_thousand,tests_units,population,population_density,median_age,aged_65_older,aged_70_older,gdp_per_capita,extreme_poverty,cvd_death_rate,diabetes_prevalence,female_smokers,male_smokers,handwashing_facilities,hospital_beds_per_100k,driving,transit,walking,days
60,CZE,Czech Republic,2020-03-13,116,22,0,0,10.832,2.0540000000000003,0.0,0.0,3094.0,741.0,0.289,0.069,tests performed,10708982,137.17600000000002,43.3,19.027,11.58,32605.906000000003,,227.485,6.82,30.5,38.3,,6.63,84.13,55.28,69.24,1
61,CZE,Czech Republic,2020-03-14,150,34,0,0,14.007,3.175,0.0,0.0,4065.0,971.0,0.38,0.091,tests performed,10708982,137.17600000000002,43.3,19.027,11.58,32605.906000000003,,227.485,6.82,30.5,38.3,,6.63,62.63,36.99,47.48,2
62,CZE,Czech Republic,2020-03-15,214,64,0,0,19.983,5.976,0.0,0.0,5068.0,1003.0,0.473,0.094,tests performed,10708982,137.17600000000002,43.3,19.027,11.58,32605.906000000003,,227.485,6.82,30.5,38.3,,6.63,63.56,30.44,38.08,3
63,CZE,Czech Republic,2020-03-16,298,84,0,0,27.826999999999998,7.843999999999999,0.0,0.0,6302.0,1234.0,0.588,0.115,tests performed,10708982,137.17600000000002,43.3,19.027,11.58,32605.906000000003,,227.485,6.82,30.5,38.3,,6.63,48.85,20.11,25.5,4
64,CZE,Czech Republic,2020-03-17,344,46,0,0,32.123000000000005,4.295,0.0,0.0,7664.0,1362.0,0.716,0.127,tests performed,10708982,137.17600000000002,43.3,19.027,11.58,32605.906000000003,,227.485,6.82,30.5,38.3,,6.63,46.98,17.32,24.76,5
65,CZE,Czech Republic,2020-03-18,434,90,0,0,40.527,8.404,0.0,0.0,9402.0,1738.0,0.878,0.162,tests performed,10708982,137.17600000000002,43.3,19.027,11.58,32605.906000000003,,227.485,6.82,30.5,38.3,,6.63,48.38,15.85,27.42,6
66,CZE,Czech Republic,2020-03-19,522,88,0,0,48.744,8.217,0.0,0.0,11619.0,2217.0,1.085,0.207,tests performed,10708982,137.17600000000002,43.3,19.027,11.58,32605.906000000003,,227.485,6.82,30.5,38.3,,6.63,47.62,17.13,26.05,7
67,CZE,Czech Republic,2020-03-20,694,172,0,0,64.805,16.061,0.0,0.0,13704.0,2085.0,1.28,0.195,tests performed,10708982,137.17600000000002,43.3,19.027,11.58,32605.906000000003,,227.485,6.82,30.5,38.3,,6.63,45.95,16.06,24.97,8
68,CZE,Czech Republic,2020-03-21,904,210,0,0,84.415,19.61,0.0,0.0,15584.0,1880.0,1.455,0.17600000000000002,tests performed,10708982,137.17600000000002,43.3,19.027,11.58,32605.906000000003,,227.485,6.82,30.5,38.3,,6.63,32.7,14.69,16.13,9
69,CZE,Czech Republic,2020-03-22,995,91,0,0,92.913,8.498,0.0,0.0,17377.0,1793.0,1.6230000000000002,0.16699999999999998,tests performed,10708982,137.17600000000002,43.3,19.027,11.58,32605.906000000003,,227.485,6.82,30.5,38.3,,6.63,37.56,15.1,17.5,10
70,CZE,Czech Republic,2020-03-23,1165,170,1,1,108.787,15.875,0.09300000000000001,0.09300000000000001,19624.0,2247.0,1.8319999999999999,0.21,tests performed,10708982,137.17600000000002,43.3,19.027,11.58,32605.906000000003,,227.485,6.82,30.5,38.3,,6.63,45.6,15.86,22.13,11
71,CZE,Czech Republic,2020-03-24,1236,71,1,0,115.417,6.63,0.09300000000000001,0.0,22600.0,2976.0,2.11,0.278,tests performed,10708982,137.17600000000002,43.3,19.027,11.58,32605.906000000003,,227.485,6.82,30.5,38.3,,6.63,48.07,17.38,23.98,12
72,CZE,Czech Republic,2020-03-25,1394,158,3,2,130.171,14.754000000000001,0.28,0.187,26698.0,4098.0,2.4930000000000003,0.38299999999999995,tests performed,10708982,137.17600000000002,43.3,19.027,11.58,32605.906000000003,,227.485,6.82,30.5,38.3,,6.63,49.53,17.9,23.88,13
73,CZE,Czech Republic,2020-03-26,1654,260,6,3,154.45,24.279,0.56,0.28,31127.0,4429.0,2.907,0.414,tests performed,10708982,137.17600000000002,43.3,19.027,11.58,32605.906000000003,,227.485,6.82,30.5,38.3,,6.63,49.05,16.83,23.19,14
74,CZE,Czech Republic,2020-03-27,2062,408,9,3,192.549,38.099000000000004,0.84,0.28,36374.0,5247.0,3.397,0.49,tests performed,10708982,137.17600000000002,43.3,19.027,11.58,32605.906000000003,,227.485,6.82,30.5,38.3,,6.63,54.62,17.97,30.46,15
75,CZE,Czech Republic,2020-03-28,2279,217,9,0,212.812,20.262999999999998,0.84,0.0,40700.0,4326.0,3.801,0.40399999999999997,tests performed,10708982,137.17600000000002,43.3,19.027,11.58,32605.906000000003,,227.485,6.82,30.5,38.3,,6.63,51.82,17.74,34.24,16
76,CZE,Czech Republic,2020-03-29,2663,384,11,2,248.67,35.858000000000004,1.0270000000000001,0.187,43498.0,2798.0,4.062,0.261,tests performed,10708982,137.17600000000002,43.3,19.027,11.58,32605.906000000003,,227.485,6.82,30.5,38.3,,6.63,44.6,16.13,21.29,17
77,CZE,Czech Republic,2020-03-30,2829,166,16,5,264.171,15.501,1.494,0.467,48811.0,5313.0,4.558,0.496,tests performed,10708982,137.17600000000002,43.3,19.027,11.58,32605.906000000003,,227.485,6.82,30.5,38.3,,6.63,50.82,18.04,24.69,18
78,CZE,Czech Republic,2020-03-31,3002,173,24,8,280.325,16.155,2.241,0.747,55017.0,6206.0,5.1370000000000005,0.58,tests performed,10708982,137.17600000000002,43.3,19.027,11.58,32605.906000000003,,227.485,6.82,30.5,38.3,,6.63,51.43,17.23,22.79,19
79,CZE,Czech Republic,2020-04-01,3308,306,31,7,308.9,28.574,2.895,0.654,60990.0,5973.0,5.695,0.5579999999999999,tests performed,10708982,137.17600000000002,43.3,19.027,11.58,32605.906000000003,,227.485,6.82,30.5,38.3,,6.63,55.58,18.65,28.7,20
80,CZE,Czech Republic,2020-04-02,3589,281,39,8,335.139,26.24,3.642,0.747,67281.0,6291.0,6.2829999999999995,0.5870000000000001,tests performed,10708982,137.17600000000002,43.3,19.027,11.58,32605.906000000003,,227.485,6.82,30.5,38.3,,6.63,57.43,19.31,29.93,21
81,CZE,Czech Republic,2020-04-03,3858,269,44,5,360.25800000000004,25.119,4.109,0.467,74170.0,6889.0,6.926,0.643,tests performed,10708982,137.17600000000002,43.3,19.027,11.58,32605.906000000003,,227.485,6.82,30.5,38.3,,6.63,54.6,17.43,27.1,22
82,CZE,Czech Republic,2020-04-04,4190,332,53,9,391.26,31.002,4.949,0.84,80304.0,6134.0,7.499,0.573,tests performed,10708982,137.17600000000002,43.3,19.027,11.58,32605.906000000003,,227.485,6.82,30.5,38.3,,6.63,48.59,17.76,29.85,23
83,CZE,Czech Republic,2020-04-05,4472,282,59,6,417.593,26.333000000000002,5.5089999999999995,0.56,85014.0,4710.0,7.939,0.44,tests performed,10708982,137.17600000000002,43.3,19.027,11.58,32605.906000000003,,227.485,6.82,30.5,38.3,,6.63,60.85,22.11,39.6,24
84,CZE,Czech Republic,2020-04-06,4587,115,67,8,428.332,10.739,6.256,0.747,91247.0,6233.0,8.521,0.5820000000000001,tests performed,10708982,137.17600000000002,43.3,19.027,11.58,32605.906000000003,,227.485,6.82,30.5,38.3,,6.63,62.78,21.14,35.9,25
85,CZE,Czech Republic,2020-04-07,4822,235,78,11,450.276,21.944000000000003,7.284,1.0270000000000001,98681.0,7434.0,9.215,0.6940000000000001,tests performed,10708982,137.17600000000002,43.3,19.027,11.58,32605.906000000003,,227.485,6.82,30.5,38.3,,6.63,68.46,23.39,40.01,26
86,CZE,Czech Republic,2020-04-08,5017,195,88,10,468.485,18.209,8.217,0.934,106845.0,8164.0,9.977,0.762,tests performed,10708982,137.17600000000002,43.3,19.027,11.58,32605.906000000003,,227.485,6.82,30.5,38.3,,6.63,72.04,24.89,41.79,27
87,CZE,Czech Republic,2020-04-09,5312,295,99,11,496.032,27.546999999999997,9.245,1.0270000000000001,114854.0,8009.0,10.725,0.748,tests performed,10708982,137.17600000000002,43.3,19.027,11.58,32605.906000000003,,227.485,6.82,30.5,38.3,,6.63,74.78,27.48,42.94,28
88,CZE,Czech Republic,2020-04-10,5569,257,112,13,520.031,23.999000000000002,10.459000000000001,1.214,120285.0,5431.0,11.232000000000001,0.507,tests performed,10708982,137.17600000000002,43.3,19.027,11.58,32605.906000000003,,227.485,6.82,30.5,38.3,,6.63,66.1,26.01,42.24,29
89,CZE,Czech Republic,2020-04-11,5732,163,119,7,535.252,15.220999999999998,11.112,0.654,125126.0,4841.0,11.684000000000001,0.452,tests performed,10708982,137.17600000000002,43.3,19.027,11.58,32605.906000000003,,227.485,6.82,30.5,38.3,,6.63,67.07,26.47,45.52,30
90,CZE,Czech Republic,2020-04-12,5902,170,129,10,551.126,15.875,12.046,0.934,128359.0,3233.0,11.985999999999999,0.302,tests performed,10708982,137.17600000000002,43.3,19.027,11.58,32605.906000000003,,227.485,6.82,30.5,38.3,,6.63,65.41,25.43,46.37,31
91,CZE,Czech Republic,2020-04-13,5991,89,138,9,559.437,8.311,12.886,0.84,131542.0,3183.0,12.283,0.297,tests performed,10708982,137.17600000000002,43.3,19.027,11.58,32605.906000000003,,227.485,6.82,30.5,38.3,,6.63,54.2,21.2,24.99,32
92,CZE,Czech Republic,2020-04-14,6059,68,143,5,565.7869999999999,6.35,13.353,0.467,137672.0,6130.0,12.856,0.5720000000000001,tests performed,10708982,137.17600000000002,43.3,19.027,11.58,32605.906000000003,,227.485,6.82,30.5,38.3,,6.63,67.89,24.47,31.2,33
93,CZE,Czech Republic,2020-04-15,6141,82,161,18,573.444,7.657,15.034,1.681,146004.0,8332.0,13.634,0.778,tests performed,10708982,137.17600000000002,43.3,19.027,11.58,32605.906000000003,,227.485,6.82,30.5,38.3,,6.63,75.47,27.28,39.91,34
94,CZE,Czech Republic,2020-04-16,6303,162,166,5,588.571,15.127,15.501,0.467,154307.0,8303.0,14.409,0.775,tests performed,10708982,137.17600000000002,43.3,19.027,11.58,32605.906000000003,,227.485,6.82,30.5,38.3,,6.63,82.81,28.19,45.89,35
95,CZE,Czech Republic,2020-04-17,6433,130,169,3,600.711,12.139000000000001,15.780999999999999,0.28,162533.0,8226.0,15.177,0.768,tests performed,10708982,137.17600000000002,43.3,19.027,11.58,32605.906000000003,,227.485,6.82,30.5,38.3,,6.63,82.59,27.52,46.11,36
96,CZE,Czech Republic,2020-04-18,6549,116,173,4,611.543,10.832,16.155,0.374,168096.0,5563.0,15.697000000000001,0.519,tests performed,10708982,137.17600000000002,43.3,19.027,11.58,32605.906000000003,,227.485,6.82,30.5,38.3,,6.63,75.66,27.4,49.73,37
97,CZE,Czech Republic,2020-04-19,6654,105,181,8,621.3480000000001,9.805,16.902,0.747,172123.0,4027.0,16.073,0.376,tests performed,10708982,137.17600000000002,43.3,19.027,11.58,32605.906000000003,,227.485,6.82,30.5,38.3,,6.63,68.55,26.27,36.61,38
98,CZE,Czech Republic,2020-04-20,6787,133,188,7,633.7669999999999,12.419,17.555,0.654,178617.0,6494.0,16.679000000000002,0.606,tests performed,10708982,137.17600000000002,43.3,19.027,11.58,32605.906000000003,,227.485,6.82,30.5,38.3,,6.63,77.91,30.12,42.91,39
99,CZE,Czech Republic,2020-04-21,6914,127,196,8,645.626,11.859000000000002,18.302,0.747,186918.0,8301.0,17.454,0.775,tests performed,10708982,137.17600000000002,43.3,19.027,11.58,32605.906000000003,,227.485,6.82,30.5,38.3,,6.63,82.2,28.87,42.79,40
100,CZE,Czech Republic,2020-04-22,7041,127,201,5,657.485,11.859000000000002,18.769000000000002,0.467,195733.0,8815.0,18.277,0.823,tests performed,10708982,137.17600000000002,43.3,19.027,11.58,32605.906000000003,,227.485,6.82,30.5,38.3,,6.63,84.55,29.66,47.88,41
101,CZE,Czech Republic,2020-04-23,7136,95,210,9,666.357,8.871,19.61,0.84,203632.0,7899.0,19.015,0.738,tests performed,10708982,137.17600000000002,43.3,19.027,11.58,32605.906000000003,,227.485,6.82,30.5,38.3,,6.63,85.59,30.75,46.28,42
102,CZE,Czech Republic,2020-04-24,7188,52,213,3,671.212,4.856,19.89,0.28,210761.0,7129.0,19.680999999999997,0.6659999999999999,tests performed,10708982,137.17600000000002,43.3,19.027,11.58,32605.906000000003,,227.485,6.82,30.5,38.3,,6.63,87.52,30.75,45.89,43
103,CZE,Czech Republic,2020-04-25,7273,85,215,2,679.15,7.937,20.077,0.187,215207.0,4446.0,20.096,0.415,tests performed,10708982,137.17600000000002,43.3,19.027,11.58,32605.906000000003,,227.485,6.82,30.5,38.3,,6.63,74.46,27.4,41.32,44
104,CZE,Czech Republic,2020-04-26,7352,79,218,3,686.5269999999999,7.377000000000001,20.357,0.28,218588.0,3381.0,20.412,0.316,tests performed,10708982,137.17600000000002,43.3,19.027,11.58,32605.906000000003,,227.485,6.82,30.5,38.3,,6.63,84.81,32.68,47.72,45
105,CZE,Czech Republic,2020-04-27,7404,52,221,3,691.382,4.856,20.636999999999997,0.28,226320.0,7732.0,21.134,0.722,tests performed,10708982,137.17600000000002,43.3,19.027,11.58,32605.906000000003,,227.485,6.82,30.5,38.3,,6.63,87.33,36.04,49.35,46
106,CZE,Czech Republic,2020-04-28,7449,45,223,2,695.584,4.202,20.824,0.187,235065.0,8745.0,21.95,0.8170000000000001,tests performed,10708982,137.17600000000002,43.3,19.027,11.58,32605.906000000003,,227.485,6.82,30.5,38.3,,6.63,89.54,34.44,49.29,47
107,CZE,Czech Republic,2020-04-29,7504,55,227,4,700.72,5.136,21.197,0.374,242384.0,7319.0,22.634,0.6829999999999999,tests performed,10708982,137.17600000000002,43.3,19.027,11.58,32605.906000000003,,227.485,6.82,30.5,38.3,,6.63,86.2,33.64,41.11,48
108,CZE,Czech Republic,2020-04-30,7579,75,227,0,707.7239999999999,7.002999999999999,21.197,0.0,249644.0,7260.0,23.311999999999998,0.6779999999999999,tests performed,10708982,137.17600000000002,43.3,19.027,11.58,32605.906000000003,,227.485,6.82,30.5,38.3,,6.63,90.76,35.42,46.81,49
109,CZE,Czech Republic,2020-05-01,7682,103,236,9,717.342,9.618,22.038,0.84,253987.0,4343.0,23.717,0.406,tests performed,10708982,137.17600000000002,43.3,19.027,11.58,32605.906000000003,,227.485,6.82,30.5,38.3,,6.63,83.87,34.18,46.3,50
110,CZE,Czech Republic,2020-05-02,7737,55,240,4,722.4780000000001,5.136,22.410999999999998,0.374,257881.0,3894.0,24.081,0.364,tests performed,10708982,137.17600000000002,43.3,19.027,11.58,32605.906000000003,,227.485,6.82,30.5,38.3,,6.63,76.66,30.2,40.08,51
111,CZE,Czech Republic,2020-05-03,7755,18,245,5,724.158,1.681,22.878,0.467,261558.0,3677.0,24.424,0.34299999999999997,tests performed,10708982,137.17600000000002,43.3,19.027,11.58,32605.906000000003,,227.485,6.82,30.5,38.3,,6.63,81.52,33.17,38.75,52
112,CZE,Czech Republic,2020-05-04,7781,26,248,3,726.586,2.428,23.158,0.28,269103.0,7545.0,25.129,0.705,tests performed,10708982,137.17600000000002,43.3,19.027,11.58,32605.906000000003,,227.485,6.82,30.5,38.3,,6.63,87.99,38.92,46.42,53
113,CZE,Czech Republic,2020-05-05,7819,38,252,4,730.135,3.548,23.531999999999996,0.374,278534.0,9431.0,26.009,0.8809999999999999,tests performed,10708982,137.17600000000002,43.3,19.027,11.58,32605.906000000003,,227.485,6.82,30.5,38.3,,6.63,90.37,38.26,46.44,54
114,CZE,Czech Republic,2020-05-06,7896,77,257,5,737.325,7.19,23.999000000000002,0.467,286913.0,8379.0,26.791999999999998,0.782,tests performed,10708982,137.17600000000002,43.3,19.027,11.58,32605.906000000003,,227.485,6.82,30.5,38.3,,6.63,95.35,38.83,48.14,55
115,CZE,Czech Republic,2020-05-07,7974,78,262,5,744.6089999999999,7.284,24.465,0.467,294246.0,7333.0,27.476999999999997,0.685,tests performed,10708982,137.17600000000002,43.3,19.027,11.58,32605.906000000003,,227.485,6.82,30.5,38.3,,6.63,111.14,42.21,54.42,56
116,CZE,Czech Republic,2020-05-08,8031,57,270,8,749.931,5.3229999999999995,25.212,0.747,298776.0,4530.0,27.9,0.423,tests performed,10708982,137.17600000000002,43.3,19.027,11.58,32605.906000000003,,227.485,6.82,30.5,38.3,,6.63,105.77,41.44,61.68,57
117,CZE,Czech Republic,2020-05-09,8077,46,273,3,754.227,4.295,25.493000000000002,0.28,302493.0,3717.0,28.247,0.34700000000000003,tests performed,10708982,137.17600000000002,43.3,19.027,11.58,32605.906000000003,,227.485,6.82,30.5,38.3,,6.63,97.63,39.08,59.9,58
