,iso_code,location,date,total_cases,new_cases,total_deaths,new_deaths,total_cases_per_million,new_cases_per_million,total_deaths_per_million,new_deaths_per_million,total_tests,new_tests,total_tests_per_thousand,new_tests_per_thousand,tests_units,population,population_density,median_age,aged_65_older,aged_70_older,gdp_per_capita,extreme_poverty,cvd_death_rate,diabetes_prevalence,female_smokers,male_smokers,handwashing_facilities,hospital_beds_per_100k,driving,walking,transit,days
63,IND,India,2020-03-17,125,32,3,1,0.091,0.023,0.002,0.001,,,,,,1380004385,450.41900000000004,28.2,5.989,3.4139999999999997,6426.674,21.2,282.28,10.39,1.9,20.6,59.55,0.53,81.34,81.66,0,1
64,IND,India,2020-03-18,137,12,3,0,0.099,0.009000000000000001,0.002,0.0,13125.0,,0.01,,samples tested,1380004385,450.41900000000004,28.2,5.989,3.4139999999999997,6426.674,21.2,282.28,10.39,1.9,20.6,59.55,0.53,78.24,78.34,0,2
65,IND,India,2020-03-19,165,28,3,0,0.12,0.02,0.002,0.0,13316.0,191.0,0.01,0.0,samples tested,1380004385,450.41900000000004,28.2,5.989,3.4139999999999997,6426.674,21.2,282.28,10.39,1.9,20.6,59.55,0.53,69.53,67.58,0,3
66,IND,India,2020-03-20,191,26,4,1,0.138,0.019,0.003,0.001,14376.0,1060.0,0.01,0.001,samples tested,1380004385,450.41900000000004,28.2,5.989,3.4139999999999997,6426.674,21.2,282.28,10.39,1.9,20.6,59.55,0.53,63.43,57.93,0,4
67,IND,India,2020-03-21,231,40,4,0,0.16699999999999998,0.028999999999999998,0.003,0.0,15701.0,1325.0,0.011000000000000001,0.001,samples tested,1380004385,450.41900000000004,28.2,5.989,3.4139999999999997,6426.674,21.2,282.28,10.39,1.9,20.6,59.55,0.53,45.24,41.11,0,5
68,IND,India,2020-03-22,320,89,4,0,0.23199999999999998,0.064,0.003,0.0,16999.0,1298.0,0.012,0.001,samples tested,1380004385,450.41900000000004,28.2,5.989,3.4139999999999997,6426.674,21.2,282.28,10.39,1.9,20.6,59.55,0.53,32.67,32.88,0,6
69,IND,India,2020-03-23,439,119,7,3,0.318,0.086,0.005,0.002,20707.0,3708.0,0.015,0.003,samples tested,1380004385,450.41900000000004,28.2,5.989,3.4139999999999997,6426.674,21.2,282.28,10.39,1.9,20.6,59.55,0.53,40.44,35.93,0,7
70,IND,India,2020-03-24,492,53,9,2,0.35700000000000004,0.038,0.006999999999999999,0.001,20864.0,157.0,0.015,0.0,samples tested,1380004385,450.41900000000004,28.2,5.989,3.4139999999999997,6426.674,21.2,282.28,10.39,1.9,20.6,59.55,0.53,25.3,29.32,0,8
71,IND,India,2020-03-25,562,70,9,0,0.40700000000000003,0.051,0.006999999999999999,0.0,25144.0,4280.0,0.018000000000000002,0.003,samples tested,1380004385,450.41900000000004,28.2,5.989,3.4139999999999997,6426.674,21.2,282.28,10.39,1.9,20.6,59.55,0.53,21.93,30.33,0,9
72,IND,India,2020-03-26,649,87,13,4,0.47,0.063,0.009000000000000001,0.003,,,,,,1380004385,450.41900000000004,28.2,5.989,3.4139999999999997,6426.674,21.2,282.28,10.39,1.9,20.6,59.55,0.53,21.22,32.03,0,10
73,IND,India,2020-03-27,724,75,17,4,0.525,0.054000000000000006,0.012,0.003,27688.0,,0.02,,samples tested,1380004385,450.41900000000004,28.2,5.989,3.4139999999999997,6426.674,21.2,282.28,10.39,1.9,20.6,59.55,0.53,21.93,34.4,0,11
74,IND,India,2020-03-28,873,149,19,2,0.633,0.10800000000000001,0.013999999999999999,0.001,,,,,,1380004385,450.41900000000004,28.2,5.989,3.4139999999999997,6426.674,21.2,282.28,10.39,1.9,20.6,59.55,0.53,21.92,32.85,0,12
75,IND,India,2020-03-29,979,106,25,6,0.7090000000000001,0.077,0.018000000000000002,0.004,,,,,,1380004385,450.41900000000004,28.2,5.989,3.4139999999999997,6426.674,21.2,282.28,10.39,1.9,20.6,59.55,0.53,21.19,29.93,0,13
76,IND,India,2020-03-30,1071,92,29,4,0.7759999999999999,0.067,0.021,0.003,,,,,,1380004385,450.41900000000004,28.2,5.989,3.4139999999999997,6426.674,21.2,282.28,10.39,1.9,20.6,59.55,0.53,19.22,27.18,0,14
77,IND,India,2020-03-31,1251,180,32,3,0.907,0.13,0.023,0.002,,,,,,1380004385,450.41900000000004,28.2,5.989,3.4139999999999997,6426.674,21.2,282.28,10.39,1.9,20.6,59.55,0.53,17.86,25.45,0,15
78,IND,India,2020-04-01,1397,146,35,3,1.012,0.106,0.025,0.002,,,,,,1380004385,450.41900000000004,28.2,5.989,3.4139999999999997,6426.674,21.2,282.28,10.39,1.9,20.6,59.55,0.53,17.67,24.93,0,16
79,IND,India,2020-04-02,1965,568,50,15,1.4240000000000002,0.41200000000000003,0.036000000000000004,0.011000000000000001,47951.0,,0.035,,samples tested,1380004385,450.41900000000004,28.2,5.989,3.4139999999999997,6426.674,21.2,282.28,10.39,1.9,20.6,59.55,0.53,16.99,24.43,0,17
80,IND,India,2020-04-03,2301,336,56,6,1.6669999999999998,0.243,0.040999999999999995,0.004,69245.0,21294.0,0.05,0.015,samples tested,1380004385,450.41900000000004,28.2,5.989,3.4139999999999997,6426.674,21.2,282.28,10.39,1.9,20.6,59.55,0.53,16.72,24.82,0,18
81,IND,India,2020-04-04,2902,601,68,12,2.103,0.436,0.049,0.009000000000000001,79950.0,10705.0,0.057999999999999996,0.008,samples tested,1380004385,450.41900000000004,28.2,5.989,3.4139999999999997,6426.674,21.2,282.28,10.39,1.9,20.6,59.55,0.53,16.58,22.82,0,19
82,IND,India,2020-04-05,3374,472,77,9,2.445,0.342,0.055999999999999994,0.006999999999999999,89534.0,9584.0,0.065,0.006999999999999999,samples tested,1380004385,450.41900000000004,28.2,5.989,3.4139999999999997,6426.674,21.2,282.28,10.39,1.9,20.6,59.55,0.53,16.3,24.73,0,20
83,IND,India,2020-04-06,4067,693,109,32,2.947,0.502,0.079,0.023,101068.0,11534.0,0.073,0.008,samples tested,1380004385,450.41900000000004,28.2,5.989,3.4139999999999997,6426.674,21.2,282.28,10.39,1.9,20.6,59.55,0.53,16.69,23.12,0,21
84,IND,India,2020-04-07,4421,354,114,5,3.2039999999999997,0.257,0.083,0.004,114015.0,12947.0,0.083,0.009000000000000001,samples tested,1380004385,450.41900000000004,28.2,5.989,3.4139999999999997,6426.674,21.2,282.28,10.39,1.9,20.6,59.55,0.53,16.78,23.14,0,22
85,IND,India,2020-04-08,5194,773,149,35,3.764,0.56,0.10800000000000001,0.025,127919.0,13904.0,0.09300000000000001,0.01,samples tested,1380004385,450.41900000000004,28.2,5.989,3.4139999999999997,6426.674,21.2,282.28,10.39,1.9,20.6,59.55,0.53,17.34,25.39,0,23
86,IND,India,2020-04-09,5734,540,166,17,4.155,0.391,0.12,0.012,144910.0,16991.0,0.105,0.012,samples tested,1380004385,450.41900000000004,28.2,5.989,3.4139999999999997,6426.674,21.2,282.28,10.39,1.9,20.6,59.55,0.53,17.25,24.81,0,24
87,IND,India,2020-04-10,6412,678,199,33,4.646,0.491,0.14400000000000002,0.024,161330.0,16420.0,0.11699999999999999,0.012,samples tested,1380004385,450.41900000000004,28.2,5.989,3.4139999999999997,6426.674,21.2,282.28,10.39,1.9,20.6,59.55,0.53,17.56,24.58,0,25
88,IND,India,2020-04-11,7447,1035,239,40,5.396,0.75,0.17300000000000001,0.028999999999999998,179374.0,18044.0,0.13,0.013000000000000001,samples tested,1380004385,450.41900000000004,28.2,5.989,3.4139999999999997,6426.674,21.2,282.28,10.39,1.9,20.6,59.55,0.53,17.28,25.07,0,26
89,IND,India,2020-04-12,8356,909,273,34,6.055,0.659,0.198,0.025,195748.0,16374.0,0.142,0.012,samples tested,1380004385,450.41900000000004,28.2,5.989,3.4139999999999997,6426.674,21.2,282.28,10.39,1.9,20.6,59.55,0.53,17.28,25.78,0,27
90,IND,India,2020-04-13,9152,796,308,35,6.632000000000001,0.5770000000000001,0.223,0.025,217554.0,21806.0,0.158,0.016,samples tested,1380004385,450.41900000000004,28.2,5.989,3.4139999999999997,6426.674,21.2,282.28,10.39,1.9,20.6,59.55,0.53,17.49,25.26,0,28
91,IND,India,2020-04-14,10363,1211,339,31,7.5089999999999995,0.878,0.24600000000000002,0.022000000000000002,244893.0,27339.0,0.177,0.02,samples tested,1380004385,450.41900000000004,28.2,5.989,3.4139999999999997,6426.674,21.2,282.28,10.39,1.9,20.6,59.55,0.53,18.73,27.15,0,29
92,IND,India,2020-04-15,11438,1075,377,38,8.288,0.779,0.273,0.027999999999999997,274599.0,29706.0,0.19899999999999998,0.022000000000000002,samples tested,1380004385,450.41900000000004,28.2,5.989,3.4139999999999997,6426.674,21.2,282.28,10.39,1.9,20.6,59.55,0.53,18.56,26.54,0,30
93,IND,India,2020-04-16,12380,942,414,37,8.971,0.6829999999999999,0.3,0.027000000000000003,302956.0,28357.0,0.22,0.021,samples tested,1380004385,450.41900000000004,28.2,5.989,3.4139999999999997,6426.674,21.2,282.28,10.39,1.9,20.6,59.55,0.53,18.04,26.11,0,31
94,IND,India,2020-04-17,13387,1007,437,23,9.701,0.73,0.317,0.017,335123.0,32167.0,0.243,0.023,samples tested,1380004385,450.41900000000004,28.2,5.989,3.4139999999999997,6426.674,21.2,282.28,10.39,1.9,20.6,59.55,0.53,17.94,25.17,0,32
95,IND,India,2020-04-18,14378,991,480,43,10.419,0.718,0.348,0.031,372123.0,37000.0,0.27,0.027000000000000003,samples tested,1380004385,450.41900000000004,28.2,5.989,3.4139999999999997,6426.674,21.2,282.28,10.39,1.9,20.6,59.55,0.53,17.79,24.87,0,33
96,IND,India,2020-04-19,15712,1334,507,27,11.385,0.9670000000000001,0.36700000000000005,0.02,401586.0,29463.0,0.29100000000000004,0.021,samples tested,1380004385,450.41900000000004,28.2,5.989,3.4139999999999997,6426.674,21.2,282.28,10.39,1.9,20.6,59.55,0.53,18.96,25.94,0,34
97,IND,India,2020-04-20,17265,1553,543,36,12.511,1.125,0.39299999999999996,0.026000000000000002,,,,,,1380004385,450.41900000000004,28.2,5.989,3.4139999999999997,6426.674,21.2,282.28,10.39,1.9,20.6,59.55,0.53,19.07,25.95,0,35
98,IND,India,2020-04-21,18600,1335,590,47,13.478,0.9670000000000001,0.428,0.034,462621.0,,0.335,,samples tested,1380004385,450.41900000000004,28.2,5.989,3.4139999999999997,6426.674,21.2,282.28,10.39,1.9,20.6,59.55,0.53,18.62,25.3,0,36
99,IND,India,2020-04-22,19984,1384,640,50,14.481,1.003,0.46399999999999997,0.036000000000000004,,,,,,1380004385,450.41900000000004,28.2,5.989,3.4139999999999997,6426.674,21.2,282.28,10.39,1.9,20.6,59.55,0.53,18.23,25.55,0,37
100,IND,India,2020-04-23,21393,1409,681,41,15.502,1.021,0.493,0.03,500542.0,,0.363,,samples tested,1380004385,450.41900000000004,28.2,5.989,3.4139999999999997,6426.674,21.2,282.28,10.39,1.9,20.6,59.55,0.53,18.62,24.78,0,38
101,IND,India,2020-04-24,23077,1684,718,37,16.722,1.22,0.52,0.027000000000000003,541789.0,41247.0,0.39299999999999996,0.03,samples tested,1380004385,450.41900000000004,28.2,5.989,3.4139999999999997,6426.674,21.2,282.28,10.39,1.9,20.6,59.55,0.53,18.92,24.67,0,39
102,IND,India,2020-04-25,24506,1429,775,57,17.758,1.036,0.562,0.040999999999999995,579957.0,38168.0,0.42,0.027999999999999997,samples tested,1380004385,450.41900000000004,28.2,5.989,3.4139999999999997,6426.674,21.2,282.28,10.39,1.9,20.6,59.55,0.53,18.17,24.71,0,40
103,IND,India,2020-04-26,26496,1990,824,49,19.2,1.442,0.597,0.036000000000000004,625309.0,45352.0,0.45299999999999996,0.033,samples tested,1380004385,450.41900000000004,28.2,5.989,3.4139999999999997,6426.674,21.2,282.28,10.39,1.9,20.6,59.55,0.53,18.21,25.32,0,41
104,IND,India,2020-04-27,27892,1396,872,48,20.212,1.012,0.632,0.035,665819.0,40510.0,0.48200000000000004,0.028999999999999998,samples tested,1380004385,450.41900000000004,28.2,5.989,3.4139999999999997,6426.674,21.2,282.28,10.39,1.9,20.6,59.55,0.53,19.22,26.66,0,42
105,IND,India,2020-04-28,29435,1543,934,62,21.33,1.1179999999999999,0.677,0.045,716733.0,50914.0,0.519,0.037000000000000005,samples tested,1380004385,450.41900000000004,28.2,5.989,3.4139999999999997,6426.674,21.2,282.28,10.39,1.9,20.6,59.55,0.53,19.11,26.13,0,43
106,IND,India,2020-04-29,31332,1897,1007,73,22.704,1.375,0.73,0.053,770764.0,54031.0,0.5589999999999999,0.039,samples tested,1380004385,450.41900000000004,28.2,5.989,3.4139999999999997,6426.674,21.2,282.28,10.39,1.9,20.6,59.55,0.53,19.77,26.04,0,44
107,IND,India,2020-04-30,33050,1718,1074,67,23.949,1.245,0.778,0.049,830201.0,59437.0,0.602,0.043,samples tested,1380004385,450.41900000000004,28.2,5.989,3.4139999999999997,6426.674,21.2,282.28,10.39,1.9,20.6,59.55,0.53,20.75,26.21,0,45
108,IND,India,2020-05-01,35043,1993,1147,73,25.393,1.444,0.831,0.053,902654.0,72453.0,0.654,0.053,samples tested,1380004385,450.41900000000004,28.2,5.989,3.4139999999999997,6426.674,21.2,282.28,10.39,1.9,20.6,59.55,0.53,21.51,27.86,0,46
109,IND,India,2020-05-02,37336,2293,1218,71,27.055,1.662,0.883,0.051,976363.0,73709.0,0.708,0.053,samples tested,1380004385,450.41900000000004,28.2,5.989,3.4139999999999997,6426.674,21.2,282.28,10.39,1.9,20.6,59.55,0.53,22.15,26.4,0,47
110,IND,India,2020-05-03,39980,2644,1301,83,28.971,1.916,0.943,0.06,1046450.0,70087.0,0.758,0.051,samples tested,1380004385,450.41900000000004,28.2,5.989,3.4139999999999997,6426.674,21.2,282.28,10.39,1.9,20.6,59.55,0.53,24.11,29.57,0,48
111,IND,India,2020-05-04,42533,2553,1373,72,30.820999999999998,1.85,0.995,0.052000000000000005,1107233.0,60783.0,0.802,0.044000000000000004,samples tested,1380004385,450.41900000000004,28.2,5.989,3.4139999999999997,6426.674,21.2,282.28,10.39,1.9,20.6,59.55,0.53,26.67,31.91,0,49
112,IND,India,2020-05-05,46433,3900,1568,195,33.647,2.826,1.136,0.141,1191946.0,84713.0,0.8640000000000001,0.061,samples tested,1380004385,450.41900000000004,28.2,5.989,3.4139999999999997,6426.674,21.2,282.28,10.39,1.9,20.6,59.55,0.53,27.84,31.74,0,50
113,IND,India,2020-05-06,49391,2958,1694,126,35.79,2.1430000000000002,1.228,0.091,1276781.0,84835.0,0.925,0.061,samples tested,1380004385,450.41900000000004,28.2,5.989,3.4139999999999997,6426.674,21.2,282.28,10.39,1.9,20.6,59.55,0.53,29.12,32.93,0,51
114,IND,India,2020-05-07,52952,3561,1783,89,38.371,2.58,1.2919999999999998,0.064,1357413.0,80632.0,0.9840000000000001,0.057999999999999996,samples tested,1380004385,450.41900000000004,28.2,5.989,3.4139999999999997,6426.674,21.2,282.28,10.39,1.9,20.6,59.55,0.53,28.84,33.16,0,52
115,IND,India,2020-05-08,56342,3390,1886,103,40.827,2.457,1.367,0.075,1437788.0,80375.0,1.042,0.057999999999999996,samples tested,1380004385,450.41900000000004,28.2,5.989,3.4139999999999997,6426.674,21.2,282.28,10.39,1.9,20.6,59.55,0.53,29.8,34.24,0,53
116,IND,India,2020-05-09,59662,3320,1981,95,43.233000000000004,2.406,1.436,0.069,1523213.0,85425.0,1.104,0.062,samples tested,1380004385,450.41900000000004,28.2,5.989,3.4139999999999997,6426.674,21.2,282.28,10.39,1.9,20.6,59.55,0.53,29.68,32.57,0,54
