,iso_code,location,date,total_cases,new_cases,total_deaths,new_deaths,total_cases_per_million,new_cases_per_million,total_deaths_per_million,new_deaths_per_million,total_tests,new_tests,total_tests_per_thousand,new_tests_per_thousand,tests_units,population,population_density,median_age,aged_65_older,aged_70_older,gdp_per_capita,extreme_poverty,cvd_death_rate,diabetes_prevalence,female_smokers,male_smokers,handwashing_facilities,hospital_beds_per_100k,driving,transit,walking,days
48,SGP,Singapore,2020-03-01,102,4,0,0,17.435,0.684,0.0,0.0,,,,,,5850343,7915.731,42.4,12.922,7.0489999999999995,85535.383,,92.243,10.99,5.2,28.3,,2.4,77.65,67.37,65.92,1
49,SGP,Singapore,2020-03-02,106,4,0,0,18.119,0.684,0.0,0.0,,,,,,5850343,7915.731,42.4,12.922,7.0489999999999995,85535.383,,92.243,10.99,5.2,28.3,,2.4,79.17,68.05,65.31,2
50,SGP,Singapore,2020-03-03,108,2,0,0,18.46,0.342,0.0,0.0,,,,,,5850343,7915.731,42.4,12.922,7.0489999999999995,85535.383,,92.243,10.99,5.2,28.3,,2.4,79.24,69.37,65.96,3
51,SGP,Singapore,2020-03-04,110,2,0,0,18.802,0.342,0.0,0.0,,,,,,5850343,7915.731,42.4,12.922,7.0489999999999995,85535.383,,92.243,10.99,5.2,28.3,,2.4,81.32,69.48,68.43,4
52,SGP,Singapore,2020-03-05,112,2,0,0,19.144000000000002,0.342,0.0,0.0,,,,,,5850343,7915.731,42.4,12.922,7.0489999999999995,85535.383,,92.243,10.99,5.2,28.3,,2.4,85.11,73.18,69.33,5
53,SGP,Singapore,2020-03-06,117,5,0,0,19.999000000000002,0.855,0.0,0.0,,,,,,5850343,7915.731,42.4,12.922,7.0489999999999995,85535.383,,92.243,10.99,5.2,28.3,,2.4,94.99,81.88,84.43,6
54,SGP,Singapore,2020-03-07,130,13,0,0,22.221,2.222,0.0,0.0,,,,,,5850343,7915.731,42.4,12.922,7.0489999999999995,85535.383,,92.243,10.99,5.2,28.3,,2.4,81.06,71.49,75.32,7
55,SGP,Singapore,2020-03-08,138,8,0,0,23.588,1.367,0.0,0.0,,,,,,5850343,7915.731,42.4,12.922,7.0489999999999995,85535.383,,92.243,10.99,5.2,28.3,,2.4,77.08,65.74,62.08,8
56,SGP,Singapore,2020-03-09,150,12,0,0,25.64,2.051,0.0,0.0,,,,,,5850343,7915.731,42.4,12.922,7.0489999999999995,85535.383,,92.243,10.99,5.2,28.3,,2.4,77.37,66.03,62.11,9
57,SGP,Singapore,2020-03-10,160,10,0,0,27.349,1.709,0.0,0.0,,,,,,5850343,7915.731,42.4,12.922,7.0489999999999995,85535.383,,92.243,10.99,5.2,28.3,,2.4,79.71,68.47,64.7,10
58,SGP,Singapore,2020-03-11,166,6,0,0,28.374000000000002,1.026,0.0,0.0,,,,,,5850343,7915.731,42.4,12.922,7.0489999999999995,85535.383,,92.243,10.99,5.2,28.3,,2.4,78.92,68.05,63.38,11
59,SGP,Singapore,2020-03-12,178,12,0,0,30.426,2.051,0.0,0.0,,,,,,5850343,7915.731,42.4,12.922,7.0489999999999995,85535.383,,92.243,10.99,5.2,28.3,,2.4,79.9,68.33,64.32,12
60,SGP,Singapore,2020-03-13,187,9,0,0,31.964000000000002,1.538,0.0,0.0,,,,,,5850343,7915.731,42.4,12.922,7.0489999999999995,85535.383,,92.243,10.99,5.2,28.3,,2.4,90.07,79.59,79.65,13
61,SGP,Singapore,2020-03-14,200,13,0,0,34.186,2.222,0.0,0.0,,,,,,5850343,7915.731,42.4,12.922,7.0489999999999995,85535.383,,92.243,10.99,5.2,28.3,,2.4,78.2,68.72,71.84,14
62,SGP,Singapore,2020-03-15,214,14,0,0,36.579,2.3930000000000002,0.0,0.0,,,,,,5850343,7915.731,42.4,12.922,7.0489999999999995,85535.383,,92.243,10.99,5.2,28.3,,2.4,75.54,67.93,61.54,15
63,SGP,Singapore,2020-03-16,226,12,0,0,38.63,2.051,0.0,0.0,,,,,,5850343,7915.731,42.4,12.922,7.0489999999999995,85535.383,,92.243,10.99,5.2,28.3,,2.4,73.21,65.47,57.76,16
64,SGP,Singapore,2020-03-17,243,17,0,0,41.536,2.906,0.0,0.0,,,,,,5850343,7915.731,42.4,12.922,7.0489999999999995,85535.383,,92.243,10.99,5.2,28.3,,2.4,78.27,66.84,61.79,17
65,SGP,Singapore,2020-03-18,266,23,0,0,45.467,3.931,0.0,0.0,,,,,,5850343,7915.731,42.4,12.922,7.0489999999999995,85535.383,,92.243,10.99,5.2,28.3,,2.4,76.03,65.88,59.05,18
66,SGP,Singapore,2020-03-19,313,47,0,0,53.501000000000005,8.033999999999999,0.0,0.0,,,,,,5850343,7915.731,42.4,12.922,7.0489999999999995,85535.383,,92.243,10.99,5.2,28.3,,2.4,76.03,65.29,60.35,19
67,SGP,Singapore,2020-03-20,345,32,0,0,58.971000000000004,5.47,0.0,0.0,,,,,,5850343,7915.731,42.4,12.922,7.0489999999999995,85535.383,,92.243,10.99,5.2,28.3,,2.4,82.4,68.99,70.86,20
68,SGP,Singapore,2020-03-21,385,40,0,0,65.808,6.837000000000001,0.0,0.0,,,,,,5850343,7915.731,42.4,12.922,7.0489999999999995,85535.383,,92.243,10.99,5.2,28.3,,2.4,68.64,57.98,59.69,21
69,SGP,Singapore,2020-03-22,432,47,2,2,73.842,8.033999999999999,0.342,0.342,,,,,,5850343,7915.731,42.4,12.922,7.0489999999999995,85535.383,,92.243,10.99,5.2,28.3,,2.4,63.64,51.17,47.5,22
70,SGP,Singapore,2020-03-23,455,23,2,0,77.773,3.931,0.342,0.0,,,,,,5850343,7915.731,42.4,12.922,7.0489999999999995,85535.383,,92.243,10.99,5.2,28.3,,2.4,65.53,51.62,45.79,23
71,SGP,Singapore,2020-03-24,509,54,2,0,87.00299999999999,9.23,0.342,0.0,,,,,,5850343,7915.731,42.4,12.922,7.0489999999999995,85535.383,,92.243,10.99,5.2,28.3,,2.4,64.92,50.2,47.03,24
72,SGP,Singapore,2020-03-25,558,49,2,0,95.37899999999999,8.376,0.342,0.0,,,,,,5850343,7915.731,42.4,12.922,7.0489999999999995,85535.383,,92.243,10.99,5.2,28.3,,2.4,65.26,48.44,48.46,25
73,SGP,Singapore,2020-03-26,568,10,2,0,97.088,1.709,0.342,0.0,,,,,,5850343,7915.731,42.4,12.922,7.0489999999999995,85535.383,,92.243,10.99,5.2,28.3,,2.4,66.16,48.45,47.28,26
74,SGP,Singapore,2020-03-27,594,26,2,0,101.53299999999999,4.444,0.342,0.0,,,,,,5850343,7915.731,42.4,12.922,7.0489999999999995,85535.383,,92.243,10.99,5.2,28.3,,2.4,69.19,49.52,54.72,27
75,SGP,Singapore,2020-03-28,732,138,2,0,125.12100000000001,23.588,0.342,0.0,,,,,,5850343,7915.731,42.4,12.922,7.0489999999999995,85535.383,,92.243,10.99,5.2,28.3,,2.4,59,41.9,50,28
76,SGP,Singapore,2020-03-29,803,71,3,1,137.257,12.136,0.513,0.171,,,,,,5850343,7915.731,42.4,12.922,7.0489999999999995,85535.383,,92.243,10.99,5.2,28.3,,2.4,60.63,43.9,45.79,29
77,SGP,Singapore,2020-03-30,844,41,3,0,144.265,7.007999999999999,0.513,0.0,,,,,,5850343,7915.731,42.4,12.922,7.0489999999999995,85535.383,,92.243,10.99,5.2,28.3,,2.4,62.49,43.79,43.32,30
78,SGP,Singapore,2020-03-31,844,0,3,0,144.265,0.0,0.513,0.0,,,,,,5850343,7915.731,42.4,12.922,7.0489999999999995,85535.383,,92.243,10.99,5.2,28.3,,2.4,63.1,45.57,47.08,31
79,SGP,Singapore,2020-04-01,879,35,3,0,150.248,5.983,0.513,0.0,,,,,,5850343,7915.731,42.4,12.922,7.0489999999999995,85535.383,,92.243,10.99,5.2,28.3,,2.4,62.37,44.39,45.28,32
80,SGP,Singapore,2020-04-02,1000,121,4,1,170.93,20.683000000000003,0.684,0.171,,,,,,5850343,7915.731,42.4,12.922,7.0489999999999995,85535.383,,92.243,10.99,5.2,28.3,,2.4,63.77,42.86,44.38,33
81,SGP,Singapore,2020-04-03,1049,49,5,1,179.30599999999998,8.376,0.855,0.171,,,,,,5850343,7915.731,42.4,12.922,7.0489999999999995,85535.383,,92.243,10.99,5.2,28.3,,2.4,67.51,42.04,52.39,34
82,SGP,Singapore,2020-04-04,1114,65,5,0,190.416,11.11,0.855,0.0,,,,,,5850343,7915.731,42.4,12.922,7.0489999999999995,85535.383,,92.243,10.99,5.2,28.3,,2.4,60.4,38.73,52.34,35
83,SGP,Singapore,2020-04-05,1189,75,6,1,203.236,12.82,1.026,0.171,,,,,,5850343,7915.731,42.4,12.922,7.0489999999999995,85535.383,,92.243,10.99,5.2,28.3,,2.4,67.85,39.92,51.39,36
84,SGP,Singapore,2020-04-06,1309,120,6,0,223.748,20.511999999999997,1.026,0.0,,,,,,5850343,7915.731,42.4,12.922,7.0489999999999995,85535.383,,92.243,10.99,5.2,28.3,,2.4,57.88,31.11,42.6,37
85,SGP,Singapore,2020-04-07,1375,66,6,0,235.02900000000002,11.280999999999999,1.026,0.0,47486.0,,8.117,,people tested,5850343,7915.731,42.4,12.922,7.0489999999999995,85535.383,,92.243,10.99,5.2,28.3,,2.4,41.53,20.82,32.36,38
86,SGP,Singapore,2020-04-08,1481,106,6,0,253.148,18.119,1.026,0.0,,,,,,5850343,7915.731,42.4,12.922,7.0489999999999995,85535.383,,92.243,10.99,5.2,28.3,,2.4,38.14,18.3,30.95,39
87,SGP,Singapore,2020-04-09,1623,142,6,0,277.42,24.272,1.026,0.0,,,,,,5850343,7915.731,42.4,12.922,7.0489999999999995,85535.383,,92.243,10.99,5.2,28.3,,2.4,35.87,15.71,34.31,40
88,SGP,Singapore,2020-04-10,1909,286,6,0,326.306,48.886,1.026,0.0,,,,,,5850343,7915.731,42.4,12.922,7.0489999999999995,85535.383,,92.243,10.99,5.2,28.3,,2.4,37.66,15.42,34.88,41
89,SGP,Singapore,2020-04-11,1909,0,6,0,326.306,0.0,1.026,0.0,,,,,,5850343,7915.731,42.4,12.922,7.0489999999999995,85535.383,,92.243,10.99,5.2,28.3,,2.4,34.53,14.46,36.09,42
90,SGP,Singapore,2020-04-12,2299,390,8,2,392.968,66.663,1.367,0.342,,,,,,5850343,7915.731,42.4,12.922,7.0489999999999995,85535.383,,92.243,10.99,5.2,28.3,,2.4,37.34,15.79,32.33,43
91,SGP,Singapore,2020-04-13,2532,233,8,0,432.795,39.827,1.367,0.0,,,,,,5850343,7915.731,42.4,12.922,7.0489999999999995,85535.383,,92.243,10.99,5.2,28.3,,2.4,36.6,13.99,27.87,44
92,SGP,Singapore,2020-04-14,2918,386,9,1,498.774,65.979,1.538,0.171,59737.0,,10.211,,people tested,5850343,7915.731,42.4,12.922,7.0489999999999995,85535.383,,92.243,10.99,5.2,28.3,,2.4,37.98,14.16,27.23,45
93,SGP,Singapore,2020-04-15,3252,334,10,1,555.865,57.091,1.709,0.171,,,,,,5850343,7915.731,42.4,12.922,7.0489999999999995,85535.383,,92.243,10.99,5.2,28.3,,2.4,36.77,12.77,25.82,46
94,SGP,Singapore,2020-04-16,3699,447,10,0,632.271,76.406,1.709,0.0,,,,,,5850343,7915.731,42.4,12.922,7.0489999999999995,85535.383,,92.243,10.99,5.2,28.3,,2.4,38.99,13.18,28.2,47
95,SGP,Singapore,2020-04-17,4427,728,10,0,756.7080000000001,124.43700000000001,1.709,0.0,,,,,,5850343,7915.731,42.4,12.922,7.0489999999999995,85535.383,,92.243,10.99,5.2,28.3,,2.4,40.78,13.93,30,48
96,SGP,Singapore,2020-04-18,5050,623,11,1,863.197,106.48899999999999,1.88,0.171,,,,,,5850343,7915.731,42.4,12.922,7.0489999999999995,85535.383,,92.243,10.99,5.2,28.3,,2.4,36.59,12.37,30.72,49
97,SGP,Singapore,2020-04-19,5992,942,11,0,1024.213,161.016,1.88,0.0,,,,,,5850343,7915.731,42.4,12.922,7.0489999999999995,85535.383,,92.243,10.99,5.2,28.3,,2.4,38.2,13.76,29.35,50
98,SGP,Singapore,2020-04-20,6588,596,11,0,1126.088,101.874,1.88,0.0,82644.0,,14.126,,people tested,5850343,7915.731,42.4,12.922,7.0489999999999995,85535.383,,92.243,10.99,5.2,28.3,,2.4,36.78,12.99,27.92,51
99,SGP,Singapore,2020-04-21,8014,1426,11,0,1369.8339999999998,243.74599999999998,1.88,0.0,,,,,,5850343,7915.731,42.4,12.922,7.0489999999999995,85535.383,,92.243,10.99,5.2,28.3,,2.4,37.47,12.61,27.71,52
100,SGP,Singapore,2020-04-22,9125,1111,11,0,1559.7379999999998,189.903,1.88,0.0,,,,,,5850343,7915.731,42.4,12.922,7.0489999999999995,85535.383,,92.243,10.99,5.2,28.3,,2.4,37.36,12.12,27.53,53
101,SGP,Singapore,2020-04-23,10141,1016,12,1,1733.4029999999998,173.665,2.051,0.171,,,,,,5850343,7915.731,42.4,12.922,7.0489999999999995,85535.383,,92.243,10.99,5.2,28.3,,2.4,38.4,12.17,25.31,54
102,SGP,Singapore,2020-04-24,11178,1037,12,0,1910.6570000000002,177.255,2.051,0.0,,,,,,5850343,7915.731,42.4,12.922,7.0489999999999995,85535.383,,92.243,10.99,5.2,28.3,,2.4,37.86,12.57,25.87,55
103,SGP,Singapore,2020-04-25,11178,0,12,0,1910.6570000000002,0.0,2.051,0.0,,,,,,5850343,7915.731,42.4,12.922,7.0489999999999995,85535.383,,92.243,10.99,5.2,28.3,,2.4,34.48,11.74,27.17,56
104,SGP,Singapore,2020-04-26,12693,1515,12,0,2169.616,258.959,2.051,0.0,,,,,,5850343,7915.731,42.4,12.922,7.0489999999999995,85535.383,,92.243,10.99,5.2,28.3,,2.4,35.94,12.39,25.06,57
105,SGP,Singapore,2020-04-27,13624,931,12,0,2328.752,159.136,2.051,0.0,99929.0,,17.081,,people tested,5850343,7915.731,42.4,12.922,7.0489999999999995,85535.383,,92.243,10.99,5.2,28.3,,2.4,36.99,13.22,25.66,58
106,SGP,Singapore,2020-04-28,14423,799,14,2,2465.326,136.57299999999998,2.3930000000000002,0.342,,,,,,5850343,7915.731,42.4,12.922,7.0489999999999995,85535.383,,92.243,10.99,5.2,28.3,,2.4,37.18,13.11,26.32,59
107,SGP,Singapore,2020-04-29,14951,528,14,0,2555.577,90.251,2.3930000000000002,0.0,,,,,,5850343,7915.731,42.4,12.922,7.0489999999999995,85535.383,,92.243,10.99,5.2,28.3,,2.4,38.37,13.17,26.11,60
108,SGP,Singapore,2020-04-30,15641,690,14,0,2673.518,117.94200000000001,2.3930000000000002,0.0,,,,,,5850343,7915.731,42.4,12.922,7.0489999999999995,85535.383,,92.243,10.99,5.2,28.3,,2.4,37.49,12.99,27.22,61
109,SGP,Singapore,2020-05-01,16169,528,15,1,2763.77,90.251,2.5639999999999996,0.171,,,,,,5850343,7915.731,42.4,12.922,7.0489999999999995,85535.383,,92.243,10.99,5.2,28.3,,2.4,39.94,13.27,29.64,62
110,SGP,Singapore,2020-05-02,17101,932,16,1,2923.0759999999996,159.30700000000002,2.735,0.171,,,,,,5850343,7915.731,42.4,12.922,7.0489999999999995,85535.383,,92.243,10.99,5.2,28.3,,2.4,36.42,12.71,29.03,63
111,SGP,Singapore,2020-05-03,17548,447,17,1,2999.482,76.406,2.906,0.171,,,,,,5850343,7915.731,42.4,12.922,7.0489999999999995,85535.383,,92.243,10.99,5.2,28.3,,2.4,38.38,14.2,27.62,64
112,SGP,Singapore,2020-05-04,18205,657,18,1,3111.783,112.301,3.077,0.171,123525.0,,21.114,,people tested,5850343,7915.731,42.4,12.922,7.0489999999999995,85535.383,,92.243,10.99,5.2,28.3,,2.4,39.6,13.72,27.35,65
113,SGP,Singapore,2020-05-05,18778,573,18,0,3209.7259999999997,97.943,3.077,0.0,,,,,,5850343,7915.731,42.4,12.922,7.0489999999999995,85535.383,,92.243,10.99,5.2,28.3,,2.4,40.14,14.3,28.69,66
114,SGP,Singapore,2020-05-06,19410,632,18,0,3317.7540000000004,108.02799999999999,3.077,0.0,,,,,,5850343,7915.731,42.4,12.922,7.0489999999999995,85535.383,,92.243,10.99,5.2,28.3,,2.4,38.84,13.28,28.99,67
115,SGP,Singapore,2020-05-07,20198,788,20,2,3452.447,134.69299999999998,3.4189999999999996,0.342,,,,,,5850343,7915.731,42.4,12.922,7.0489999999999995,85535.383,,92.243,10.99,5.2,28.3,,2.4,43.15,14.91,31.21,68
116,SGP,Singapore,2020-05-08,20939,741,20,0,3579.1059999999998,126.65899999999999,3.4189999999999996,0.0,,,,,,5850343,7915.731,42.4,12.922,7.0489999999999995,85535.383,,92.243,10.99,5.2,28.3,,2.4,44.61,14.58,33.3,69
117,SGP,Singapore,2020-05-09,21707,768,20,0,3710.381,131.274,3.4189999999999996,0.0,,,,,,5850343,7915.731,42.4,12.922,7.0489999999999995,85535.383,,92.243,10.99,5.2,28.3,,2.4,45.58,13.82,34.56,70
